2.945000000000000000e+03
1.361000000000000000e+03
4.020000000000000000e+02
1.133000000000000000e+03
1.090000000000000000e+02
8.760000000000000000e+02
5.300000000000000000e+01
6.020000000000000000e+02
2.500000000000000000e+01
4.510000000000000000e+02
1.300000000000000000e+01
3.500000000000000000e+02
9.000000000000000000e+00
3.250000000000000000e+02
6.000000000000000000e+00
1.880000000000000000e+02
3.000000000000000000e+00
1.340000000000000000e+02
1.000000000000000000e+00
1.470000000000000000e+02
1.000000000000000000e+00
1.120000000000000000e+02
0.000000000000000000e+00
7.500000000000000000e+01
0.000000000000000000e+00
8.000000000000000000e+01
3.000000000000000000e+00
6.300000000000000000e+01
0.000000000000000000e+00
4.000000000000000000e+01
1.000000000000000000e+00
3.400000000000000000e+01
0.000000000000000000e+00
4.100000000000000000e+01
2.000000000000000000e+00
3.100000000000000000e+01
1.000000000000000000e+00
2.300000000000000000e+01
4.000000000000000000e+00
3.000000000000000000e+01
3.000000000000000000e+00
3.200000000000000000e+01
1.000000000000000000e+00
2.200000000000000000e+01
0.000000000000000000e+00
1.900000000000000000e+01
0.000000000000000000e+00
1.900000000000000000e+01
2.000000000000000000e+00
2.000000000000000000e+01
0.000000000000000000e+00
1.200000000000000000e+01
1.000000000000000000e+00
1.700000000000000000e+01
2.000000000000000000e+00
9.000000000000000000e+00
2.000000000000000000e+00
1.500000000000000000e+01
0.000000000000000000e+00
1.000000000000000000e+01
2.000000000000000000e+00
6.000000000000000000e+00
2.000000000000000000e+00
1.000000000000000000e+01
1.000000000000000000e+00
9.000000000000000000e+00
2.000000000000000000e+00
6.000000000000000000e+00
0.000000000000000000e+00
4.000000000000000000e+00
1.000000000000000000e+00
6.000000000000000000e+00
0.000000000000000000e+00
7.000000000000000000e+00
1.000000000000000000e+00
7.000000000000000000e+00
0.000000000000000000e+00
5.000000000000000000e+00
1.000000000000000000e+00
7.000000000000000000e+00
0.000000000000000000e+00
7.000000000000000000e+00
2.000000000000000000e+00
5.000000000000000000e+00
2.000000000000000000e+00
8.000000000000000000e+00
0.000000000000000000e+00
4.000000000000000000e+00
0.000000000000000000e+00
4.000000000000000000e+00
1.000000000000000000e+00
1.000000000000000000e+00
0.000000000000000000e+00
1.000000000000000000e+00
0.000000000000000000e+00
5.000000000000000000e+00
1.000000000000000000e+00
2.000000000000000000e+00
0.000000000000000000e+00
1.000000000000000000e+00
