0.000000000000000000e+00
4.190000000000000000e+02
1.070000000000000000e+02
2.750000000000000000e+02
4.300000000000000000e+01
2.230000000000000000e+02
1.400000000000000000e+01
1.880000000000000000e+02
1.000000000000000000e+01
1.510000000000000000e+02
1.100000000000000000e+01
3.040000000000000000e+02
1.300000000000000000e+01
1.075000000000000000e+03
2.600000000000000000e+01
1.014000000000000000e+03
1.700000000000000000e+01
3.360000000000000000e+02
7.000000000000000000e+00
2.900000000000000000e+02
7.000000000000000000e+00
3.720000000000000000e+02
8.000000000000000000e+00
2.720000000000000000e+02
5.000000000000000000e+00
1.280000000000000000e+02
5.000000000000000000e+00
1.450000000000000000e+02
7.000000000000000000e+00
1.330000000000000000e+02
7.000000000000000000e+00
9.400000000000000000e+01
3.000000000000000000e+00
8.400000000000000000e+01
3.000000000000000000e+00
6.800000000000000000e+01
6.000000000000000000e+00
5.500000000000000000e+01
6.000000000000000000e+00
4.400000000000000000e+01
8.000000000000000000e+00
5.200000000000000000e+01
7.000000000000000000e+00
4.700000000000000000e+01
9.000000000000000000e+00
3.500000000000000000e+01
4.000000000000000000e+00
4.600000000000000000e+01
4.000000000000000000e+00
3.900000000000000000e+01
7.000000000000000000e+00
4.300000000000000000e+01
3.000000000000000000e+00
2.600000000000000000e+01
5.000000000000000000e+00
2.900000000000000000e+01
4.000000000000000000e+00
1.500000000000000000e+01
2.000000000000000000e+00
2.900000000000000000e+01
2.000000000000000000e+00
2.000000000000000000e+01
2.000000000000000000e+00
1.900000000000000000e+01
3.000000000000000000e+00
2.300000000000000000e+01
4.000000000000000000e+00
1.400000000000000000e+01
5.000000000000000000e+00
2.000000000000000000e+01
8.000000000000000000e+00
1.200000000000000000e+01
3.000000000000000000e+00
1.000000000000000000e+01
1.000000000000000000e+00
1.000000000000000000e+01
3.000000000000000000e+00
1.500000000000000000e+01
6.000000000000000000e+00
1.400000000000000000e+01
4.000000000000000000e+00
2.000000000000000000e+01
1.000000000000000000e+00
9.000000000000000000e+00
5.000000000000000000e+00
1.100000000000000000e+01
1.000000000000000000e+00
5.000000000000000000e+00
0.000000000000000000e+00
6.000000000000000000e+00
2.000000000000000000e+00
7.000000000000000000e+00
3.000000000000000000e+00
1.000000000000000000e+01
2.000000000000000000e+00
9.000000000000000000e+00
1.000000000000000000e+00
4.000000000000000000e+00
2.000000000000000000e+00
3.000000000000000000e+00
