0.000000000000000000e+00
1.639000000000000000e+03
4.860000000000000000e+02
1.677000000000000000e+03
2.060000000000000000e+02
1.580000000000000000e+03
1.030000000000000000e+02
1.373000000000000000e+03
5.400000000000000000e+01
9.070000000000000000e+02
2.900000000000000000e+01
6.190000000000000000e+02
1.500000000000000000e+01
4.390000000000000000e+02
1.100000000000000000e+01
2.690000000000000000e+02
2.000000000000000000e+00
1.980000000000000000e+02
1.000000000000000000e+00
1.560000000000000000e+02
2.000000000000000000e+00
8.900000000000000000e+01
9.000000000000000000e+00
6.500000000000000000e+01
2.000000000000000000e+00
5.000000000000000000e+01
2.000000000000000000e+00
4.600000000000000000e+01
0.000000000000000000e+00
3.200000000000000000e+01
1.000000000000000000e+00
1.800000000000000000e+01
0.000000000000000000e+00
1.300000000000000000e+01
0.000000000000000000e+00
2.500000000000000000e+01
1.000000000000000000e+00
1.000000000000000000e+01
0.000000000000000000e+00
6.000000000000000000e+00
0.000000000000000000e+00
8.000000000000000000e+00
0.000000000000000000e+00
7.000000000000000000e+00
3.000000000000000000e+00
8.000000000000000000e+00
2.000000000000000000e+00
6.000000000000000000e+00
0.000000000000000000e+00
5.000000000000000000e+00
0.000000000000000000e+00
4.000000000000000000e+00
3.000000000000000000e+00
4.000000000000000000e+00
1.000000000000000000e+00
1.000000000000000000e+00
0.000000000000000000e+00
5.000000000000000000e+00
1.000000000000000000e+00
7.000000000000000000e+00
0.000000000000000000e+00
5.000000000000000000e+00
0.000000000000000000e+00
5.000000000000000000e+00
1.000000000000000000e+00
2.000000000000000000e+00
0.000000000000000000e+00
3.000000000000000000e+00
0.000000000000000000e+00
2.000000000000000000e+00
0.000000000000000000e+00
1.000000000000000000e+00
0.000000000000000000e+00
1.000000000000000000e+00
1.000000000000000000e+00
3.000000000000000000e+00
0.000000000000000000e+00
1.000000000000000000e+00
0.000000000000000000e+00
0.000000000000000000e+00
0.000000000000000000e+00
1.000000000000000000e+00
0.000000000000000000e+00
0.000000000000000000e+00
0.000000000000000000e+00
1.000000000000000000e+00
0.000000000000000000e+00
0.000000000000000000e+00
0.000000000000000000e+00
0.000000000000000000e+00
0.000000000000000000e+00
0.000000000000000000e+00
0.000000000000000000e+00
0.000000000000000000e+00
0.000000000000000000e+00
1.000000000000000000e+00
0.000000000000000000e+00
1.000000000000000000e+00
0.000000000000000000e+00
0.000000000000000000e+00
