0.000000000000000000e+00
4.870000000000000000e+02
1.580000000000000000e+02
3.120000000000000000e+02
4.600000000000000000e+01
2.500000000000000000e+02
2.200000000000000000e+01
1.710000000000000000e+02
9.000000000000000000e+00
1.360000000000000000e+02
8.000000000000000000e+00
2.080000000000000000e+02
1.000000000000000000e+01
5.290000000000000000e+02
1.800000000000000000e+01
5.760000000000000000e+02
2.700000000000000000e+01
3.530000000000000000e+02
2.100000000000000000e+01
3.370000000000000000e+02
2.000000000000000000e+01
4.270000000000000000e+02
3.300000000000000000e+01
4.250000000000000000e+02
2.900000000000000000e+01
2.910000000000000000e+02
1.800000000000000000e+01
2.710000000000000000e+02
1.800000000000000000e+01
2.720000000000000000e+02
2.700000000000000000e+01
2.930000000000000000e+02
3.600000000000000000e+01
2.640000000000000000e+02
2.000000000000000000e+01
1.960000000000000000e+02
2.400000000000000000e+01
2.260000000000000000e+02
2.100000000000000000e+01
2.280000000000000000e+02
1.900000000000000000e+01
1.790000000000000000e+02
1.800000000000000000e+01
1.710000000000000000e+02
1.700000000000000000e+01
1.440000000000000000e+02
2.300000000000000000e+01
1.670000000000000000e+02
1.900000000000000000e+01
1.310000000000000000e+02
2.700000000000000000e+01
1.260000000000000000e+02
1.200000000000000000e+01
1.110000000000000000e+02
1.400000000000000000e+01
1.100000000000000000e+02
1.500000000000000000e+01
1.030000000000000000e+02
1.800000000000000000e+01
1.010000000000000000e+02
8.000000000000000000e+00
9.100000000000000000e+01
1.300000000000000000e+01
7.400000000000000000e+01
1.200000000000000000e+01
7.000000000000000000e+01
1.100000000000000000e+01
7.000000000000000000e+01
9.000000000000000000e+00
6.700000000000000000e+01
1.400000000000000000e+01
5.600000000000000000e+01
1.400000000000000000e+01
5.800000000000000000e+01
7.000000000000000000e+00
4.600000000000000000e+01
1.200000000000000000e+01
5.100000000000000000e+01
8.000000000000000000e+00
4.300000000000000000e+01
7.000000000000000000e+00
6.000000000000000000e+01
6.000000000000000000e+00
3.800000000000000000e+01
9.000000000000000000e+00
3.600000000000000000e+01
9.000000000000000000e+00
3.700000000000000000e+01
7.000000000000000000e+00
2.800000000000000000e+01
8.000000000000000000e+00
2.100000000000000000e+01
8.000000000000000000e+00
2.500000000000000000e+01
7.000000000000000000e+00
3.400000000000000000e+01
6.000000000000000000e+00
3.100000000000000000e+01
4.000000000000000000e+00
2.500000000000000000e+01
