0.000000000000000000e+00
3.250000000000000000e+02
8.300000000000000000e+01
2.360000000000000000e+02
2.400000000000000000e+01
1.980000000000000000e+02
7.000000000000000000e+00
1.670000000000000000e+02
5.000000000000000000e+00
1.450000000000000000e+02
4.000000000000000000e+00
3.130000000000000000e+02
2.700000000000000000e+01
1.304000000000000000e+03
4.600000000000000000e+01
1.170000000000000000e+03
4.300000000000000000e+01
4.190000000000000000e+02
1.200000000000000000e+01
3.790000000000000000e+02
1.900000000000000000e+01
5.380000000000000000e+02
2.100000000000000000e+01
3.690000000000000000e+02
1.500000000000000000e+01
2.210000000000000000e+02
1.100000000000000000e+01
2.140000000000000000e+02
1.500000000000000000e+01
2.110000000000000000e+02
2.000000000000000000e+01
1.710000000000000000e+02
1.100000000000000000e+01
1.430000000000000000e+02
1.200000000000000000e+01
1.270000000000000000e+02
1.500000000000000000e+01
1.210000000000000000e+02
2.200000000000000000e+01
1.130000000000000000e+02
1.400000000000000000e+01
1.150000000000000000e+02
1.300000000000000000e+01
9.800000000000000000e+01
1.100000000000000000e+01
1.070000000000000000e+02
1.400000000000000000e+01
1.060000000000000000e+02
1.200000000000000000e+01
8.100000000000000000e+01
1.200000000000000000e+01
8.000000000000000000e+01
3.000000000000000000e+00
7.000000000000000000e+01
8.000000000000000000e+00
5.800000000000000000e+01
7.000000000000000000e+00
4.500000000000000000e+01
9.000000000000000000e+00
6.600000000000000000e+01
1.100000000000000000e+01
5.700000000000000000e+01
8.000000000000000000e+00
3.800000000000000000e+01
9.000000000000000000e+00
4.300000000000000000e+01
1.100000000000000000e+01
5.600000000000000000e+01
6.000000000000000000e+00
3.300000000000000000e+01
7.000000000000000000e+00
4.000000000000000000e+01
9.000000000000000000e+00
2.200000000000000000e+01
1.000000000000000000e+01
4.100000000000000000e+01
1.200000000000000000e+01
1.800000000000000000e+01
5.000000000000000000e+00
2.600000000000000000e+01
1.000000000000000000e+01
2.600000000000000000e+01
6.000000000000000000e+00
3.000000000000000000e+01
1.100000000000000000e+01
2.700000000000000000e+01
1.200000000000000000e+01
3.500000000000000000e+01
6.000000000000000000e+00
2.300000000000000000e+01
7.000000000000000000e+00
2.100000000000000000e+01
5.000000000000000000e+00
2.300000000000000000e+01
1.000000000000000000e+01
1.300000000000000000e+01
7.000000000000000000e+00
1.800000000000000000e+01
3.000000000000000000e+00
1.900000000000000000e+01
