0.000000000000000000e+00
1.086000000000000000e+03
3.580000000000000000e+02
7.680000000000000000e+02
9.700000000000000000e+01
6.420000000000000000e+02
5.100000000000000000e+01
5.140000000000000000e+02
2.500000000000000000e+01
4.800000000000000000e+02
1.100000000000000000e+01
5.390000000000000000e+02
1.100000000000000000e+01
4.610000000000000000e+02
1.000000000000000000e+01
3.700000000000000000e+02
9.000000000000000000e+00
3.740000000000000000e+02
1.600000000000000000e+01
3.540000000000000000e+02
1.000000000000000000e+01
3.090000000000000000e+02
6.000000000000000000e+00
2.690000000000000000e+02
5.000000000000000000e+00
2.830000000000000000e+02
7.000000000000000000e+00
2.600000000000000000e+02
1.200000000000000000e+01
1.930000000000000000e+02
6.000000000000000000e+00
1.520000000000000000e+02
3.000000000000000000e+00
1.550000000000000000e+02
2.000000000000000000e+00
1.140000000000000000e+02
3.000000000000000000e+00
1.280000000000000000e+02
6.000000000000000000e+00
9.600000000000000000e+01
4.000000000000000000e+00
7.800000000000000000e+01
7.000000000000000000e+00
6.200000000000000000e+01
8.000000000000000000e+00
8.600000000000000000e+01
5.000000000000000000e+00
7.600000000000000000e+01
2.000000000000000000e+00
6.600000000000000000e+01
8.000000000000000000e+00
5.400000000000000000e+01
4.000000000000000000e+00
6.900000000000000000e+01
4.000000000000000000e+00
5.600000000000000000e+01
3.000000000000000000e+00
4.800000000000000000e+01
6.000000000000000000e+00
3.900000000000000000e+01
4.000000000000000000e+00
4.800000000000000000e+01
5.000000000000000000e+00
4.900000000000000000e+01
4.000000000000000000e+00
3.300000000000000000e+01
2.000000000000000000e+00
3.100000000000000000e+01
9.000000000000000000e+00
2.700000000000000000e+01
3.000000000000000000e+00
3.300000000000000000e+01
6.000000000000000000e+00
2.700000000000000000e+01
5.000000000000000000e+00
3.400000000000000000e+01
5.000000000000000000e+00
2.700000000000000000e+01
3.000000000000000000e+00
1.100000000000000000e+01
3.000000000000000000e+00
1.700000000000000000e+01
2.000000000000000000e+00
2.200000000000000000e+01
2.000000000000000000e+00
1.700000000000000000e+01
5.000000000000000000e+00
2.800000000000000000e+01
4.000000000000000000e+00
2.600000000000000000e+01
6.000000000000000000e+00
1.300000000000000000e+01
1.000000000000000000e+00
1.200000000000000000e+01
3.000000000000000000e+00
1.300000000000000000e+01
4.000000000000000000e+00
1.100000000000000000e+01
3.000000000000000000e+00
1.200000000000000000e+01
