0.000000000000000000e+00
8.430000000000000000e+02
2.550000000000000000e+02
7.900000000000000000e+02
8.300000000000000000e+01
7.540000000000000000e+02
4.500000000000000000e+01
5.970000000000000000e+02
2.000000000000000000e+01
5.020000000000000000e+02
8.000000000000000000e+00
4.360000000000000000e+02
8.000000000000000000e+00
4.100000000000000000e+02
8.000000000000000000e+00
3.450000000000000000e+02
1.000000000000000000e+01
3.240000000000000000e+02
7.000000000000000000e+00
3.500000000000000000e+02
9.000000000000000000e+00
2.490000000000000000e+02
8.000000000000000000e+00
1.930000000000000000e+02
3.000000000000000000e+00
2.230000000000000000e+02
3.000000000000000000e+00
2.430000000000000000e+02
8.000000000000000000e+00
1.940000000000000000e+02
9.000000000000000000e+00
1.680000000000000000e+02
9.000000000000000000e+00
1.520000000000000000e+02
6.000000000000000000e+00
1.300000000000000000e+02
1.000000000000000000e+01
1.300000000000000000e+02
1.300000000000000000e+01
1.270000000000000000e+02
5.000000000000000000e+00
1.210000000000000000e+02
1.000000000000000000e+01
9.300000000000000000e+01
8.000000000000000000e+00
6.700000000000000000e+01
6.000000000000000000e+00
9.700000000000000000e+01
1.300000000000000000e+01
8.400000000000000000e+01
1.300000000000000000e+01
7.100000000000000000e+01
3.000000000000000000e+00
7.600000000000000000e+01
6.000000000000000000e+00
6.600000000000000000e+01
5.000000000000000000e+00
6.800000000000000000e+01
1.000000000000000000e+01
6.500000000000000000e+01
5.000000000000000000e+00
5.200000000000000000e+01
8.000000000000000000e+00
4.800000000000000000e+01
9.000000000000000000e+00
4.500000000000000000e+01
6.000000000000000000e+00
5.300000000000000000e+01
8.000000000000000000e+00
3.800000000000000000e+01
6.000000000000000000e+00
2.900000000000000000e+01
6.000000000000000000e+00
3.900000000000000000e+01
4.000000000000000000e+00
3.600000000000000000e+01
1.000000000000000000e+01
3.200000000000000000e+01
6.000000000000000000e+00
3.100000000000000000e+01
7.000000000000000000e+00
3.100000000000000000e+01
7.000000000000000000e+00
2.700000000000000000e+01
5.000000000000000000e+00
2.700000000000000000e+01
6.000000000000000000e+00
1.800000000000000000e+01
2.000000000000000000e+00
1.700000000000000000e+01
2.000000000000000000e+00
2.300000000000000000e+01
6.000000000000000000e+00
2.200000000000000000e+01
5.000000000000000000e+00
1.900000000000000000e+01
5.000000000000000000e+00
1.900000000000000000e+01
7.000000000000000000e+00
2.000000000000000000e+01
