5.521000000000000000e+03
1.186000000000000000e+04
3.800000000000000000e+03
1.355200000000000000e+04
1.229700000000000000e+04
1.188600000000000000e+04
1.361300000000000000e+04
1.976100000000000000e+04
1.386000000000000000e+04
1.188600000000000000e+04
1.947400000000000000e+04
1.198000000000000000e+04
1.207600000000000000e+04
9.784000000000000000e+03
1.180600000000000000e+04
1.217400000000000000e+04
1.192900000000000000e+04
1.183800000000000000e+04
1.195800000000000000e+04
1.185600000000000000e+04
1.405000000000000000e+04
1.179800000000000000e+04
1.215000000000000000e+04
1.398000000000000000e+04
2.607300000000000000e+04
1.181400000000000000e+04
1.176300000000000000e+04
1.761000000000000000e+04
1.191600000000000000e+04
3.565900000000000000e+04
2.598400000000000000e+04
1.373400000000000000e+04
2.573500000000000000e+04
1.986400000000000000e+04
1.380300000000000000e+04
1.190300000000000000e+04
1.387900000000000000e+04
1.203000000000000000e+04
1.960600000000000000e+04
2.381700000000000000e+04
2.980200000000000000e+04
1.187200000000000000e+04
1.188200000000000000e+04
1.192500000000000000e+04
1.228100000000000000e+04
2.577500000000000000e+04
9.758000000000000000e+03
1.143400000000000000e+04
1.780700000000000000e+04
5.541500000000000000e+04
2.388000000000000000e+04
1.397200000000000000e+04
1.768000000000000000e+04
1.202200000000000000e+04
1.384100000000000000e+04
1.787800000000000000e+04
1.190600000000000000e+04
1.395600000000000000e+04
1.758900000000000000e+04
1.335000000000000000e+04
1.191400000000000000e+04
4.151000000000000000e+03
5.293900000000000000e+04
1.970800000000000000e+04
1.170700000000000000e+04
5.595000000000000000e+03
1.758500000000000000e+04
1.192100000000000000e+04
2.204550000000000000e+05
1.943990000000000000e+05
2.378000000000000000e+04
1.197300000000000000e+04
1.191300000000000000e+04
1.195400000000000000e+04
1.397400000000000000e+04
1.190300000000000000e+04
1.188900000000000000e+04
1.191600000000000000e+04
1.160700000000000000e+04
1.171100000000000000e+04
1.175600000000000000e+04
9.936000000000000000e+03
2.353000000000000000e+03
1.398300000000000000e+04
5.764000000000000000e+03
1.190500000000000000e+04
9.942000000000000000e+03
1.165200000000000000e+04
1.362000000000000000e+04
1.188600000000000000e+04
5.730500000000000000e+04
1.191000000000000000e+04
2.976000000000000000e+04
1.189500000000000000e+04
6.299400000000000000e+04
1.376300000000000000e+04
5.993000000000000000e+03
9.958000000000000000e+03
4.756600000000000000e+04
3.164500000000000000e+04
1.188800000000000000e+04
1.186100000000000000e+04
6.073000000000000000e+03
1.191800000000000000e+04
1.194800000000000000e+04
1.189500000000000000e+04
1.207400000000000000e+04
1.214000000000000000e+04
2.200000000000000000e+03
1.714000000000000000e+03
3.847000000000000000e+03
2.058000000000000000e+03
1.947000000000000000e+03
2.176000000000000000e+03
2.036000000000000000e+03
2.189000000000000000e+03
2.295000000000000000e+03
5.690000000000000000e+03
1.172600000000000000e+04
5.869000000000000000e+03
4.589600000000000000e+04
1.690000000000000000e+03
6.147100000000000000e+04
1.909000000000000000e+03
1.777000000000000000e+04
2.980900000000000000e+04
1.187600000000000000e+04
5.550000000000000000e+03
1.796400000000000000e+04
1.383900000000000000e+04
3.769100000000000000e+04
3.987000000000000000e+03
2.223260000000000000e+05
1.184700000000000000e+04
3.170000000000000000e+04
1.193900000000000000e+04
1.177800000000000000e+04
1.089190000000000000e+05
1.730000000000000000e+03
6.189000000000000000e+03
2.321460000000000000e+05
1.197200000000000000e+04
2.261860000000000000e+05
1.391600000000000000e+04
1.385000000000000000e+04
4.040000000000000000e+03
1.387000000000000000e+04
2.021000000000000000e+03
5.775000000000000000e+03
9.984000000000000000e+03
5.791000000000000000e+03
5.995000000000000000e+03
6.195000000000000000e+03
2.099000000000000000e+03
2.447000000000000000e+03
2.152400000000000000e+04
1.983700000000000000e+04
1.383400000000000000e+04
1.391400000000000000e+04
2.003000000000000000e+03
1.192400000000000000e+04
2.774660000000000000e+05
1.388200000000000000e+04
1.984100000000000000e+04
1.734570000000000000e+05
1.191800000000000000e+04
1.386800000000000000e+04
1.224600000000000000e+04
1.188800000000000000e+04
2.016000000000000000e+03
5.068000000000000000e+03
1.195700000000000000e+04
1.387200000000000000e+04
1.206250000000000000e+05
1.299100000000000000e+04
1.182700000000000000e+04
1.963000000000000000e+03
2.079000000000000000e+03
3.711000000000000000e+03
3.773000000000000000e+03
1.380400000000000000e+04
5.935000000000000000e+03
1.381700000000000000e+04
1.393100000000000000e+04
1.198800000000000000e+04
5.157800000000000000e+04
1.184200000000000000e+04
1.743000000000000000e+03
1.981000000000000000e+03
9.884000000000000000e+03
3.990000000000000000e+03
1.399000000000000000e+04
1.200500000000000000e+04
3.870000000000000000e+03
7.934100000000000000e+04
1.987000000000000000e+03
4.754200000000000000e+04
9.866000000000000000e+03
1.774700000000000000e+04
5.551000000000000000e+03
1.390000000000000000e+04
1.188600000000000000e+04
2.065000000000000000e+03
5.835000000000000000e+03
5.887000000000000000e+03
5.979000000000000000e+03
1.983500000000000000e+04
8.915400000000000000e+04
1.190400000000000000e+04
1.181100000000000000e+04
1.177800000000000000e+04
1.399100000000000000e+04
1.190300000000000000e+04
1.191900000000000000e+04
1.212800000000000000e+04
1.185300000000000000e+04
1.186100000000000000e+04
1.183400000000000000e+04
5.953000000000000000e+03
1.400100000000000000e+04
1.201800000000000000e+04
9.700000000000000000e+03
1.195000000000000000e+04
1.302100000000000000e+04
2.412820000000000000e+05
1.190200000000000000e+04
6.464000000000000000e+04
4.160100000000000000e+04
1.210260000000000000e+05
1.925760000000000000e+05
2.564700000000000000e+04
1.310400000000000000e+04
1.203300000000000000e+04
1.202900000000000000e+04
1.068230000000000000e+05
1.188800000000000000e+04
1.195600000000000000e+04
1.385700000000000000e+04
2.084000000000000000e+03
1.178100000000000000e+04
3.932000000000000000e+03
3.978000000000000000e+03
3.870000000000000000e+03
1.952000000000000000e+03
6.038000000000000000e+03
5.487000000000000000e+03
2.025000000000000000e+03
7.342600000000000000e+04
1.191200000000000000e+04
4.760600000000000000e+04
1.182100000000000000e+04
1.185600000000000000e+04
3.724000000000000000e+03
3.795000000000000000e+03
5.574000000000000000e+03
1.986000000000000000e+03
4.113000000000000000e+03
1.555000000000000000e+03
3.508000000000000000e+03
3.846000000000000000e+03
2.023000000000000000e+03
2.249000000000000000e+03
1.533000000000000000e+03
9.226000000000000000e+03
1.549700000000000000e+04
1.985000000000000000e+03
3.941000000000000000e+03
1.695000000000000000e+03
2.078000000000000000e+03
1.930000000000000000e+03
3.970000000000000000e+03
2.016000000000000000e+03
1.915000000000000000e+03
1.357700000000000000e+04
3.581500000000000000e+04
1.183700000000000000e+04
1.199900000000000000e+04
1.375800000000000000e+04
3.920000000000000000e+03
2.002000000000000000e+03
5.943000000000000000e+03
1.238900000000000000e+04
1.214800000000000000e+04
1.187400000000000000e+04
1.199900000000000000e+04
1.031400000000000000e+05
7.917000000000000000e+03
2.383000000000000000e+04
5.566000000000000000e+03
5.947000000000000000e+03
3.946000000000000000e+03
5.910000000000000000e+03
1.444000000000000000e+03
5.901000000000000000e+03
1.173900000000000000e+04
2.381000000000000000e+04
2.093200000000000000e+04
7.538500000000000000e+04
2.582900000000000000e+04
1.787700000000000000e+04
1.183300000000000000e+04
1.185900000000000000e+04
4.163600000000000000e+04
1.189700000000000000e+04
1.190800000000000000e+04
1.188700000000000000e+04
9.817000000000000000e+03
1.387500000000000000e+04
1.192800000000000000e+04
1.394700000000000000e+04
1.191900000000000000e+04
9.923000000000000000e+03
1.191200000000000000e+04
1.992200000000000000e+04
1.373700000000000000e+04
1.192900000000000000e+04
1.191100000000000000e+04
1.187700000000000000e+04
1.187400000000000000e+04
7.634000000000000000e+03
4.061000000000000000e+03
5.971000000000000000e+03
6.162000000000000000e+03
2.168000000000000000e+03
1.939000000000000000e+03
2.426600000000000000e+04
1.985000000000000000e+04
4.753500000000000000e+04
6.154800000000000000e+04
1.232100000000000000e+04
2.240000000000000000e+03
4.035000000000000000e+03
1.958000000000000000e+03
1.960000000000000000e+03
9.840000000000000000e+03
2.245000000000000000e+03
8.066000000000000000e+03
9.926000000000000000e+03
7.131800000000000000e+04
1.187800000000000000e+04
1.210110000000000000e+05
1.392100000000000000e+04
1.402200000000000000e+04
2.056000000000000000e+03
2.376600000000000000e+04
1.999000000000000000e+03
1.205500000000000000e+04
1.400300000000000000e+04
1.173700000000000000e+04
1.392400000000000000e+04
7.677000000000000000e+03
1.196500000000000000e+04
7.778000000000000000e+03
5.800000000000000000e+03
4.152000000000000000e+03
2.274000000000000000e+03
1.821000000000000000e+03
2.033000000000000000e+03
1.777000000000000000e+03
2.580000000000000000e+04
2.375200000000000000e+04
6.446000000000000000e+03
6.212000000000000000e+03
7.716000000000000000e+03
1.197500000000000000e+04
1.428250000000000000e+05
9.985000000000000000e+03
1.183900000000000000e+04
1.173500000000000000e+04
9.910000000000000000e+03
1.381600000000000000e+04
1.382000000000000000e+04
6.024000000000000000e+03
5.762000000000000000e+03
1.586900000000000000e+04
1.184200000000000000e+04
9.929000000000000000e+03
2.567400000000000000e+04
7.736200000000000000e+04
8.727600000000000000e+04
2.068000000000000000e+03
1.323900000000000000e+04
2.146000000000000000e+03
2.529000000000000000e+03
1.186600000000000000e+04
1.200100000000000000e+04
1.131040000000000000e+05
1.003100000000000000e+04
4.938100000000000000e+04
6.048000000000000000e+03
1.966000000000000000e+03
1.971000000000000000e+03
4.020000000000000000e+03
5.883000000000000000e+03
2.578000000000000000e+03
1.390100000000000000e+04
3.933000000000000000e+03
2.244000000000000000e+03
1.693900000000000000e+04
1.897000000000000000e+03
1.984000000000000000e+03
3.939000000000000000e+03
1.191800000000000000e+04
1.187700000000000000e+04
1.188100000000000000e+04
9.884000000000000000e+03
2.386700000000000000e+04
1.186600000000000000e+04
1.193300000000000000e+04
1.176300000000000000e+04
1.192600000000000000e+04
4.959700000000000000e+04
1.197100000000000000e+04
1.205200000000000000e+04
1.118100000000000000e+04
1.190900000000000000e+04
1.381500000000000000e+04
1.914000000000000000e+03
1.184500000000000000e+04
7.834000000000000000e+03
1.602000000000000000e+03
7.848000000000000000e+03
1.196200000000000000e+04
1.622000000000000000e+03
6.130000000000000000e+03
1.181300000000000000e+04
1.390900000000000000e+04
1.031880000000000000e+05
1.788000000000000000e+04
1.187400000000000000e+04
6.211000000000000000e+03
9.104000000000000000e+04
1.862000000000000000e+03
6.026000000000000000e+03
2.165000000000000000e+03
1.379100000000000000e+04
5.880000000000000000e+03
2.578900000000000000e+04
2.383500000000000000e+04
1.768100000000000000e+04
1.186900000000000000e+04
1.181600000000000000e+04
3.970000000000000000e+03
