5.832000000000000000e+03
1.989000000000000000e+03
5.942100000000000000e+04
6.912600000000000000e+04
3.769700000000000000e+04
1.189100000000000000e+04
2.018000000000000000e+03
1.347800000000000000e+04
1.587100000000000000e+04
1.982600000000000000e+04
3.672000000000000000e+03
9.869000000000000000e+03
7.783000000000000000e+03
9.843000000000000000e+03
6.240000000000000000e+03
5.942000000000000000e+03
7.952000000000000000e+03
1.106400000000000000e+04
1.718000000000000000e+03
4.370000000000000000e+03
1.258900000000000000e+04
7.037500000000000000e+04
5.129000000000000000e+03
1.080000000000000000e+04
4.115000000000000000e+03
1.379500000000000000e+04
7.056000000000000000e+03
9.883000000000000000e+03
7.825000000000000000e+03
1.964000000000000000e+03
7.899000000000000000e+03
4.853000000000000000e+03
5.981000000000000000e+03
1.818000000000000000e+03
8.128500000000000000e+04
8.233000000000000000e+03
6.543800000000000000e+04
6.029000000000000000e+03
8.013000000000000000e+03
1.347300000000000000e+04
4.954200000000000000e+04
1.771400000000000000e+04
2.749900000000000000e+04
1.008200000000000000e+04
2.150700000000000000e+04
6.828000000000000000e+03
4.360400000000000000e+04
1.137100000000000000e+04
5.918000000000000000e+03
5.959000000000000000e+03
4.450000000000000000e+03
7.706000000000000000e+03
4.931000000000000000e+03
9.870000000000000000e+03
7.896000000000000000e+03
6.327500000000000000e+04
5.821000000000000000e+03
7.355000000000000000e+03
5.959000000000000000e+03
9.763000000000000000e+03
1.584000000000000000e+04
1.980300000000000000e+04
5.870000000000000000e+03
5.932000000000000000e+03
7.128700000000000000e+04
1.143300000000000000e+04
1.279080000000000000e+05
9.527000000000000000e+03
1.385800000000000000e+04
5.870000000000000000e+03
5.728000000000000000e+03
5.920000000000000000e+03
1.095100000000000000e+04
3.966000000000000000e+03
1.347400000000000000e+04
5.989000000000000000e+03
2.381000000000000000e+04
5.961000000000000000e+03
2.216000000000000000e+03
3.756000000000000000e+03
2.300000000000000000e+03
1.172100000000000000e+04
6.252000000000000000e+03
3.940000000000000000e+03
1.569200000000000000e+04
9.717000000000000000e+03
1.774600000000000000e+04
6.549800000000000000e+04
1.767500000000000000e+04
2.929900000000000000e+04
4.687500000000000000e+04
6.149000000000000000e+03
3.722000000000000000e+03
9.216000000000000000e+03
7.614000000000000000e+03
1.338500000000000000e+04
3.893000000000000000e+03
5.704000000000000000e+03
9.907000000000000000e+03
7.299400000000000000e+04
3.816000000000000000e+03
1.804000000000000000e+03
1.415500000000000000e+04
7.592000000000000000e+03
7.927000000000000000e+04
4.317500000000000000e+04
3.578000000000000000e+03
7.790000000000000000e+03
2.159200000000000000e+04
1.550100000000000000e+04
5.769000000000000000e+03
1.960000000000000000e+03
4.009000000000000000e+03
1.578900000000000000e+04
1.185000000000000000e+04
1.190100000000000000e+04
1.770300000000000000e+04
7.532600000000000000e+04
2.974500000000000000e+04
7.310200000000000000e+04
6.944900000000000000e+04
2.174700000000000000e+04
1.785800000000000000e+04
7.138800000000000000e+04
3.371100000000000000e+04
1.187000000000000000e+04
5.751000000000000000e+04
1.086290000000000000e+05
4.143100000000000000e+04
7.130600000000000000e+04
6.147700000000000000e+04
6.335200000000000000e+04
6.149200000000000000e+04
6.144000000000000000e+03
9.059000000000000000e+03
6.473700000000000000e+04
1.810000000000000000e+03
2.962000000000000000e+03
1.586500000000000000e+04
6.258000000000000000e+03
1.389400000000000000e+04
6.136000000000000000e+03
7.475000000000000000e+03
1.366600000000000000e+04
4.534200000000000000e+04
1.213800000000000000e+04
2.909300000000000000e+04
1.180500000000000000e+04
1.196600000000000000e+04
2.974900000000000000e+04
1.188000000000000000e+04
2.579900000000000000e+04
2.370600000000000000e+04
9.943000000000000000e+03
1.181600000000000000e+04
1.191200000000000000e+04
2.379900000000000000e+04
2.184300000000000000e+04
2.384700000000000000e+04
1.191200000000000000e+04
1.784900000000000000e+04
1.028600000000000000e+04
1.190800000000000000e+04
3.548400000000000000e+04
1.198600000000000000e+04
1.195900000000000000e+04
1.374900000000000000e+04
5.627000000000000000e+03
9.851000000000000000e+03
7.671000000000000000e+03
6.018000000000000000e+03
5.767000000000000000e+03
1.772400000000000000e+04
1.915000000000000000e+03
4.263000000000000000e+03
5.655000000000000000e+03
6.144000000000000000e+03
9.460000000000000000e+03
5.693000000000000000e+03
1.517000000000000000e+03
5.124100000000000000e+04
5.967000000000000000e+03
6.144000000000000000e+03
6.283000000000000000e+03
2.085000000000000000e+03
2.136000000000000000e+03
7.682600000000000000e+04
9.845000000000000000e+03
9.889000000000000000e+03
5.214000000000000000e+03
5.789000000000000000e+03
