5.989000000000000000e+03
5.984000000000000000e+03
5.853000000000000000e+03
2.087000000000000000e+03
4.023000000000000000e+03
1.385300000000000000e+04
3.992000000000000000e+03
1.392100000000000000e+04
6.059000000000000000e+03
2.094000000000000000e+03
3.726000000000000000e+03
2.379600000000000000e+04
5.948000000000000000e+03
7.931000000000000000e+03
2.184800000000000000e+04
7.966000000000000000e+03
8.000000000000000000e+03
7.653000000000000000e+03
1.936000000000000000e+03
3.927000000000000000e+04
2.226000000000000000e+03
3.898000000000000000e+03
5.977000000000000000e+03
5.948000000000000000e+03
3.345800000000000000e+04
7.855000000000000000e+03
7.813000000000000000e+03
6.144000000000000000e+03
5.674000000000000000e+03
5.666000000000000000e+03
1.954000000000000000e+03
5.932000000000000000e+03
1.826000000000000000e+03
5.609000000000000000e+03
5.914000000000000000e+03
2.541600000000000000e+04
5.946000000000000000e+03
7.935000000000000000e+03
5.838000000000000000e+03
6.013000000000000000e+03
2.188200000000000000e+04
5.966000000000000000e+03
1.108000000000000000e+03
5.849000000000000000e+03
5.987000000000000000e+03
1.992000000000000000e+03
3.966000000000000000e+03
1.955400000000000000e+04
9.995000000000000000e+03
3.954000000000000000e+03
8.046000000000000000e+03
7.926000000000000000e+03
5.945000000000000000e+03
5.992000000000000000e+03
5.886000000000000000e+03
2.206000000000000000e+03
5.978000000000000000e+03
7.918000000000000000e+03
1.401100000000000000e+04
1.943000000000000000e+03
5.915000000000000000e+03
1.951000000000000000e+03
8.021000000000000000e+03
3.868000000000000000e+03
3.355000000000000000e+03
1.566100000000000000e+04
6.179000000000000000e+03
2.099000000000000000e+03
5.893000000000000000e+03
1.900000000000000000e+03
7.951000000000000000e+03
1.842000000000000000e+03
7.961000000000000000e+03
5.977000000000000000e+03
3.956000000000000000e+03
2.042000000000000000e+03
7.962000000000000000e+03
1.005300000000000000e+04
7.900000000000000000e+03
7.897000000000000000e+03
3.954000000000000000e+03
5.959000000000000000e+03
3.975000000000000000e+03
5.912000000000000000e+03
7.892000000000000000e+03
3.972000000000000000e+03
4.028000000000000000e+03
6.227000000000000000e+03
6.300000000000000000e+03
5.955000000000000000e+03
5.926000000000000000e+03
2.714000000000000000e+03
1.980900000000000000e+04
9.903000000000000000e+03
7.930000000000000000e+03
7.906000000000000000e+03
1.998000000000000000e+03
6.012000000000000000e+03
5.699000000000000000e+03
1.191600000000000000e+04
1.945000000000000000e+03
1.791000000000000000e+03
7.929000000000000000e+03
5.912000000000000000e+03
1.189900000000000000e+04
5.931000000000000000e+03
6.008000000000000000e+03
1.994000000000000000e+03
6.001000000000000000e+03
5.539000000000000000e+03
1.992000000000000000e+03
1.185700000000000000e+04
2.101000000000000000e+03
2.026000000000000000e+03
1.403300000000000000e+04
3.963000000000000000e+03
1.585100000000000000e+04
1.924000000000000000e+03
1.969000000000000000e+03
5.950000000000000000e+03
2.020000000000000000e+03
5.970000000000000000e+03
1.981000000000000000e+03
5.988000000000000000e+03
2.184000000000000000e+03
9.897000000000000000e+03
8.280000000000000000e+03
5.988000000000000000e+03
3.964000000000000000e+03
9.757000000000000000e+03
5.905000000000000000e+03
6.464000000000000000e+03
4.006000000000000000e+03
4.150000000000000000e+03
1.983000000000000000e+03
1.984000000000000000e+03
3.968000000000000000e+03
4.046000000000000000e+03
6.323000000000000000e+03
7.873000000000000000e+03
5.906000000000000000e+03
5.912000000000000000e+03
5.851000000000000000e+03
5.976000000000000000e+03
8.124000000000000000e+03
6.109000000000000000e+03
5.978000000000000000e+03
7.946000000000000000e+03
1.906000000000000000e+03
2.085000000000000000e+03
3.960000000000000000e+03
2.377700000000000000e+04
3.985000000000000000e+03
6.007000000000000000e+03
6.823000000000000000e+03
1.779600000000000000e+04
4.639000000000000000e+03
2.099000000000000000e+03
8.032000000000000000e+03
5.958000000000000000e+03
6.122000000000000000e+03
5.963000000000000000e+03
3.711000000000000000e+03
4.164000000000000000e+03
1.536000000000000000e+03
1.163800000000000000e+04
3.364600000000000000e+04
7.929000000000000000e+03
5.849000000000000000e+03
6.093000000000000000e+03
2.037000000000000000e+03
1.838000000000000000e+03
5.642000000000000000e+03
7.273000000000000000e+03
4.247000000000000000e+03
3.963000000000000000e+03
2.024000000000000000e+03
6.640000000000000000e+03
2.052000000000000000e+03
3.999000000000000000e+03
7.794000000000000000e+03
1.957000000000000000e+03
4.822000000000000000e+03
5.970000000000000000e+03
6.228000000000000000e+03
7.971000000000000000e+03
3.768000000000000000e+03
5.894000000000000000e+03
6.064000000000000000e+03
9.960000000000000000e+03
5.950000000000000000e+03
7.879000000000000000e+03
9.875000000000000000e+03
5.987000000000000000e+03
1.991000000000000000e+03
3.959000000000000000e+03
1.365700000000000000e+04
6.088000000000000000e+03
2.564400000000000000e+04
2.078000000000000000e+03
2.027000000000000000e+03
4.027000000000000000e+03
1.587100000000000000e+04
2.039000000000000000e+03
1.379800000000000000e+04
3.174900000000000000e+04
1.891000000000000000e+03
9.815000000000000000e+03
1.171900000000000000e+04
5.894000000000000000e+03
4.086000000000000000e+03
5.986000000000000000e+03
7.757000000000000000e+03
5.784000000000000000e+03
5.977000000000000000e+03
6.061000000000000000e+03
1.565700000000000000e+04
9.868000000000000000e+03
9.929000000000000000e+03
1.190900000000000000e+04
4.013000000000000000e+03
7.937000000000000000e+03
7.851000000000000000e+03
1.193100000000000000e+04
6.100000000000000000e+03
1.001400000000000000e+04
2.006000000000000000e+03
1.981000000000000000e+03
4.098000000000000000e+03
2.829000000000000000e+03
3.797000000000000000e+03
2.959000000000000000e+04
1.975000000000000000e+03
5.958000000000000000e+03
3.914000000000000000e+03
1.789900000000000000e+04
7.960000000000000000e+03
6.018000000000000000e+03
1.389700000000000000e+04
1.157700000000000000e+04
1.383700000000000000e+04
7.920000000000000000e+03
6.599000000000000000e+03
1.475300000000000000e+04
2.021000000000000000e+03
6.072000000000000000e+03
3.499700000000000000e+04
6.014000000000000000e+03
7.521000000000000000e+03
5.952000000000000000e+03
5.921000000000000000e+03
6.142000000000000000e+03
3.914000000000000000e+03
4.910000000000000000e+03
1.685000000000000000e+03
3.956000000000000000e+03
8.080000000000000000e+03
1.189100000000000000e+04
6.040000000000000000e+03
1.185600000000000000e+04
1.182000000000000000e+04
5.930000000000000000e+03
5.735000000000000000e+03
9.970000000000000000e+03
6.106000000000000000e+03
5.926000000000000000e+03
3.375900000000000000e+04
8.024000000000000000e+03
5.851000000000000000e+03
5.930000000000000000e+03
1.194900000000000000e+04
4.056000000000000000e+03
2.070000000000000000e+03
1.602000000000000000e+03
5.209000000000000000e+03
9.952000000000000000e+03
5.806000000000000000e+03
1.951000000000000000e+03
2.247000000000000000e+03
1.562100000000000000e+04
2.033000000000000000e+03
2.023000000000000000e+03
1.000300000000000000e+04
5.288000000000000000e+03
1.585500000000000000e+04
3.954000000000000000e+03
1.932000000000000000e+03
5.965000000000000000e+03
8.040000000000000000e+03
3.976000000000000000e+03
5.836000000000000000e+03
5.954000000000000000e+03
1.993000000000000000e+03
1.201800000000000000e+04
3.945000000000000000e+03
3.989000000000000000e+03
3.974000000000000000e+03
4.121000000000000000e+03
3.929000000000000000e+03
1.263900000000000000e+04
5.922000000000000000e+03
9.994000000000000000e+03
3.914000000000000000e+03
2.181000000000000000e+04
3.367600000000000000e+04
1.783700000000000000e+04
9.978000000000000000e+03
2.751800000000000000e+04
7.832000000000000000e+03
1.584000000000000000e+04
3.949000000000000000e+03
1.994000000000000000e+03
3.975000000000000000e+03
1.785400000000000000e+04
3.956000000000000000e+03
1.914000000000000000e+03
5.566000000000000000e+03
9.848000000000000000e+03
2.013000000000000000e+03
7.933000000000000000e+03
1.196200000000000000e+04
7.927000000000000000e+03
6.045000000000000000e+03
2.006000000000000000e+04
3.902000000000000000e+03
5.962000000000000000e+03
3.859000000000000000e+03
1.388900000000000000e+04
5.975000000000000000e+03
3.833000000000000000e+03
1.906000000000000000e+03
4.569800000000000000e+04
7.858000000000000000e+03
7.901000000000000000e+03
5.754000000000000000e+03
5.659000000000000000e+03
4.070000000000000000e+03
7.849000000000000000e+03
1.945000000000000000e+03
6.007000000000000000e+03
1.982000000000000000e+03
2.709000000000000000e+03
9.936000000000000000e+03
5.940000000000000000e+03
7.906000000000000000e+03
6.005000000000000000e+03
2.230200000000000000e+04
6.032000000000000000e+03
3.920000000000000000e+03
2.549600000000000000e+04
2.047000000000000000e+03
2.618000000000000000e+03
8.671000000000000000e+03
2.177900000000000000e+04
5.942000000000000000e+03
1.937000000000000000e+03
2.131000000000000000e+04
7.890000000000000000e+03
1.395800000000000000e+04
3.783700000000000000e+04
6.014000000000000000e+03
9.939000000000000000e+03
3.882000000000000000e+03
1.182500000000000000e+04
5.946000000000000000e+03
1.916000000000000000e+03
2.056000000000000000e+03
1.384900000000000000e+04
9.556000000000000000e+03
6.168000000000000000e+03
5.438000000000000000e+03
5.860000000000000000e+03
5.909000000000000000e+03
5.932000000000000000e+03
1.978000000000000000e+03
4.554000000000000000e+03
1.945000000000000000e+03
3.929000000000000000e+03
7.912000000000000000e+03
1.385700000000000000e+04
1.790200000000000000e+04
5.953000000000000000e+03
8.077000000000000000e+03
5.890000000000000000e+03
9.692000000000000000e+03
1.392800000000000000e+04
3.939000000000000000e+03
9.987000000000000000e+03
7.331000000000000000e+03
7.667000000000000000e+03
3.860000000000000000e+03
7.872000000000000000e+03
5.983000000000000000e+03
5.730000000000000000e+03
5.515000000000000000e+03
3.978000000000000000e+03
1.180600000000000000e+04
4.007000000000000000e+03
5.281000000000000000e+03
5.865000000000000000e+03
5.891000000000000000e+03
1.785100000000000000e+04
7.947000000000000000e+03
5.920000000000000000e+03
5.945000000000000000e+03
6.023000000000000000e+03
6.017000000000000000e+03
7.821000000000000000e+03
1.400000000000000000e+04
1.925000000000000000e+03
2.074000000000000000e+03
1.278300000000000000e+04
1.991000000000000000e+03
5.890000000000000000e+03
1.397300000000000000e+04
1.569600000000000000e+04
7.899000000000000000e+03
1.395300000000000000e+04
5.953000000000000000e+03
5.945000000000000000e+03
5.947000000000000000e+03
5.944000000000000000e+03
7.912000000000000000e+03
3.882000000000000000e+03
6.198000000000000000e+03
1.977000000000000000e+03
6.400000000000000000e+03
3.770000000000000000e+03
1.023200000000000000e+04
1.759100000000000000e+04
7.986000000000000000e+03
2.216000000000000000e+03
4.446000000000000000e+03
1.179600000000000000e+04
5.965000000000000000e+03
3.924000000000000000e+03
5.692000000000000000e+03
8.095000000000000000e+03
5.969000000000000000e+03
1.898000000000000000e+03
5.950000000000000000e+03
1.994000000000000000e+03
6.479000000000000000e+03
6.065000000000000000e+03
1.968000000000000000e+04
3.979000000000000000e+03
2.004000000000000000e+03
5.904000000000000000e+03
2.117000000000000000e+03
3.898000000000000000e+03
3.956000000000000000e+03
6.938000000000000000e+03
3.936000000000000000e+03
1.167100000000000000e+04
3.177300000000000000e+04
2.065000000000000000e+03
3.644000000000000000e+03
7.936000000000000000e+03
5.993000000000000000e+03
5.946000000000000000e+03
2.033000000000000000e+03
5.764000000000000000e+03
5.973000000000000000e+03
1.180800000000000000e+04
5.905000000000000000e+03
1.997000000000000000e+03
1.892000000000000000e+03
3.974000000000000000e+03
8.728000000000000000e+03
1.777800000000000000e+04
5.966000000000000000e+03
3.905000000000000000e+03
1.925000000000000000e+03
1.971000000000000000e+03
6.145000000000000000e+03
7.850000000000000000e+03
2.067000000000000000e+03
6.106000000000000000e+03
6.024000000000000000e+03
3.568700000000000000e+04
1.589900000000000000e+04
1.752500000000000000e+04
5.972000000000000000e+03
1.742000000000000000e+03
5.942000000000000000e+03
5.993000000000000000e+03
5.945000000000000000e+03
7.804000000000000000e+03
3.927000000000000000e+03
2.012000000000000000e+03
5.996000000000000000e+03
4.028000000000000000e+03
6.144000000000000000e+03
3.851000000000000000e+03
7.588000000000000000e+03
5.865000000000000000e+03
5.742000000000000000e+03
7.951000000000000000e+03
6.054000000000000000e+03
5.964000000000000000e+03
7.948000000000000000e+03
5.875000000000000000e+03
5.790000000000000000e+03
5.904000000000000000e+03
5.927000000000000000e+03
5.788000000000000000e+03
5.960000000000000000e+03
7.768000000000000000e+03
5.812000000000000000e+03
5.857000000000000000e+03
3.981000000000000000e+03
5.933000000000000000e+03
6.040000000000000000e+03
7.933000000000000000e+03
6.058000000000000000e+03
6.005000000000000000e+03
5.980000000000000000e+03
5.917000000000000000e+03
5.798000000000000000e+03
7.594000000000000000e+03
8.264000000000000000e+03
9.891000000000000000e+03
2.125000000000000000e+03
1.951500000000000000e+04
5.623000000000000000e+03
5.942000000000000000e+03
2.153000000000000000e+03
6.072000000000000000e+03
1.797000000000000000e+03
4.431000000000000000e+03
9.952000000000000000e+03
3.952000000000000000e+03
5.956000000000000000e+03
7.814000000000000000e+03
5.972000000000000000e+03
8.057000000000000000e+03
2.980300000000000000e+04
6.078000000000000000e+03
3.713000000000000000e+03
1.005600000000000000e+04
1.975000000000000000e+04
3.706000000000000000e+03
5.912000000000000000e+03
1.998000000000000000e+03
3.829000000000000000e+03
5.726000000000000000e+03
1.594700000000000000e+04
3.778000000000000000e+03
3.571100000000000000e+04
2.223000000000000000e+03
1.373400000000000000e+04
8.021000000000000000e+03
7.926000000000000000e+03
5.960000000000000000e+03
1.952000000000000000e+03
2.132000000000000000e+03
3.813000000000000000e+03
6.268000000000000000e+03
1.151500000000000000e+04
3.978000000000000000e+03
1.978000000000000000e+03
2.144000000000000000e+03
3.962000000000000000e+03
5.972000000000000000e+03
3.954000000000000000e+03
6.336000000000000000e+03
1.984100000000000000e+04
1.170700000000000000e+04
2.020000000000000000e+03
9.706000000000000000e+03
5.844000000000000000e+03
1.992000000000000000e+03
1.456300000000000000e+04
1.186400000000000000e+04
5.860000000000000000e+03
7.607000000000000000e+03
1.193000000000000000e+04
8.007000000000000000e+03
5.787000000000000000e+03
7.862000000000000000e+03
1.189300000000000000e+04
1.387900000000000000e+04
6.381000000000000000e+03
1.769000000000000000e+03
2.055000000000000000e+03
5.500000000000000000e+03
1.963000000000000000e+03
6.680000000000000000e+03
1.194500000000000000e+04
3.963000000000000000e+03
2.023000000000000000e+03
2.042000000000000000e+03
2.773500000000000000e+04
5.908000000000000000e+03
5.953000000000000000e+03
1.040100000000000000e+04
3.749000000000000000e+03
7.986000000000000000e+03
9.891000000000000000e+03
5.903000000000000000e+03
5.881000000000000000e+03
3.268000000000000000e+03
1.999000000000000000e+03
3.960000000000000000e+03
3.967000000000000000e+03
1.744700000000000000e+04
5.991000000000000000e+03
1.916000000000000000e+03
7.911000000000000000e+03
3.988000000000000000e+03
9.882000000000000000e+03
1.164300000000000000e+04
1.983900000000000000e+04
7.906000000000000000e+03
3.991000000000000000e+03
2.065900000000000000e+04
1.751000000000000000e+03
5.798000000000000000e+03
2.042000000000000000e+03
1.188200000000000000e+04
7.990000000000000000e+03
1.778000000000000000e+04
6.007000000000000000e+03
1.985500000000000000e+04
3.987000000000000000e+03
1.585900000000000000e+04
1.582100000000000000e+04
2.180800000000000000e+04
5.817000000000000000e+03
5.873000000000000000e+03
2.048000000000000000e+03
5.946000000000000000e+03
5.957000000000000000e+03
1.815000000000000000e+03
3.963000000000000000e+03
4.014000000000000000e+03
4.013000000000000000e+03
7.939000000000000000e+03
1.205000000000000000e+04
1.970000000000000000e+03
1.884000000000000000e+03
1.980900000000000000e+04
9.801000000000000000e+03
5.745000000000000000e+03
9.930000000000000000e+03
5.952000000000000000e+03
1.782000000000000000e+04
9.930000000000000000e+03
3.994000000000000000e+03
3.978000000000000000e+03
1.790900000000000000e+04
1.384500000000000000e+04
9.964000000000000000e+03
3.777600000000000000e+04
9.933000000000000000e+03
4.007000000000000000e+03
9.752000000000000000e+03
7.937000000000000000e+03
2.125000000000000000e+03
6.050000000000000000e+03
1.975000000000000000e+03
2.010000000000000000e+03
5.857000000000000000e+03
4.091000000000000000e+03
3.919000000000000000e+03
2.106000000000000000e+03
1.186400000000000000e+04
6.038000000000000000e+03
7.934000000000000000e+03
5.963000000000000000e+03
1.545500000000000000e+04
6.023000000000000000e+03
9.946000000000000000e+03
3.977000000000000000e+03
4.379000000000000000e+03
5.954000000000000000e+03
7.885000000000000000e+03
5.977000000000000000e+03
5.941000000000000000e+03
5.925000000000000000e+03
5.996000000000000000e+03
2.052000000000000000e+03
1.973000000000000000e+03
2.053000000000000000e+03
1.388400000000000000e+04
5.944000000000000000e+03
6.177000000000000000e+03
9.853000000000000000e+03
1.967000000000000000e+03
3.741000000000000000e+03
9.870000000000000000e+03
5.792000000000000000e+03
5.834000000000000000e+03
3.951000000000000000e+03
1.572200000000000000e+04
2.102000000000000000e+03
6.182000000000000000e+03
1.603100000000000000e+04
3.966000000000000000e+03
5.920000000000000000e+03
6.196000000000000000e+03
5.992000000000000000e+03
5.948000000000000000e+03
2.095000000000000000e+03
3.965000000000000000e+03
3.635000000000000000e+03
7.992000000000000000e+03
5.906000000000000000e+03
3.947000000000000000e+03
5.785000000000000000e+03
4.114000000000000000e+03
5.924000000000000000e+03
4.129000000000000000e+03
5.890000000000000000e+03
2.107000000000000000e+03
1.774000000000000000e+03
5.925000000000000000e+03
1.995000000000000000e+03
5.901000000000000000e+03
1.186800000000000000e+04
6.065000000000000000e+03
5.970000000000000000e+03
2.460700000000000000e+04
2.047000000000000000e+03
3.930000000000000000e+03
1.828000000000000000e+04
4.057000000000000000e+03
9.869000000000000000e+03
5.994000000000000000e+03
1.969300000000000000e+04
4.146000000000000000e+03
2.035000000000000000e+03
8.020000000000000000e+03
6.340000000000000000e+03
4.353200000000000000e+04
6.144000000000000000e+03
5.936000000000000000e+03
5.932000000000000000e+03
2.021000000000000000e+03
1.941000000000000000e+03
2.564100000000000000e+04
7.668000000000000000e+03
2.221700000000000000e+04
1.985000000000000000e+03
4.034000000000000000e+03
4.153000000000000000e+03
4.030000000000000000e+03
5.898000000000000000e+03
1.848000000000000000e+03
7.824000000000000000e+03
2.021000000000000000e+03
6.107000000000000000e+03
6.091000000000000000e+03
5.932000000000000000e+03
5.429000000000000000e+03
2.776800000000000000e+04
1.130710000000000000e+05
5.958000000000000000e+03
1.273150000000000000e+05
5.770000000000000000e+03
7.934000000000000000e+03
1.198200000000000000e+04
7.950000000000000000e+03
5.971000000000000000e+03
6.096000000000000000e+03
9.913000000000000000e+03
9.961000000000000000e+03
3.731600000000000000e+04
5.981000000000000000e+03
1.960000000000000000e+03
1.986000000000000000e+03
7.929000000000000000e+03
7.914000000000000000e+03
5.956000000000000000e+03
1.183700000000000000e+04
3.955000000000000000e+03
5.648000000000000000e+03
3.972000000000000000e+03
4.843000000000000000e+03
4.011000000000000000e+03
1.679000000000000000e+03
2.080000000000000000e+03
1.986000000000000000e+03
5.862000000000000000e+03
1.992000000000000000e+03
2.121000000000000000e+04
2.082000000000000000e+03
2.085000000000000000e+03
5.875000000000000000e+03
3.964000000000000000e+03
3.855000000000000000e+03
5.940000000000000000e+03
3.990000000000000000e+03
5.954000000000000000e+03
5.880000000000000000e+03
5.945000000000000000e+03
6.139000000000000000e+03
5.331000000000000000e+03
1.931000000000000000e+03
2.036000000000000000e+03
4.087000000000000000e+03
5.874000000000000000e+03
2.877400000000000000e+04
5.780000000000000000e+03
6.495000000000000000e+03
1.908000000000000000e+03
9.947000000000000000e+03
1.985400000000000000e+04
8.040000000000000000e+03
7.922000000000000000e+03
2.769400000000000000e+04
1.991000000000000000e+03
9.660000000000000000e+03
1.589300000000000000e+04
7.919000000000000000e+03
5.931000000000000000e+03
7.957000000000000000e+03
1.992000000000000000e+03
5.965000000000000000e+03
7.257000000000000000e+03
1.869000000000000000e+03
3.374000000000000000e+04
3.945000000000000000e+03
3.746600000000000000e+04
1.985000000000000000e+03
2.181000000000000000e+03
3.971000000000000000e+03
3.711000000000000000e+03
1.788400000000000000e+04
6.019000000000000000e+03
6.029000000000000000e+03
2.005000000000000000e+03
2.102000000000000000e+03
5.980000000000000000e+03
3.102700000000000000e+04
7.908000000000000000e+03
4.026000000000000000e+03
4.045000000000000000e+03
2.053000000000000000e+03
1.996000000000000000e+03
2.003000000000000000e+03
1.032700000000000000e+04
5.974000000000000000e+03
5.820000000000000000e+03
1.989000000000000000e+03
1.991000000000000000e+03
5.811000000000000000e+03
3.993000000000000000e+03
6.006000000000000000e+03
1.795000000000000000e+03
1.997000000000000000e+03
2.054000000000000000e+03
4.092000000000000000e+03
6.164000000000000000e+03
1.012100000000000000e+04
7.936000000000000000e+03
3.834000000000000000e+03
3.891000000000000000e+03
3.981000000000000000e+03
4.226000000000000000e+03
3.178700000000000000e+04
1.968000000000000000e+03
5.975000000000000000e+03
9.838000000000000000e+03
9.920000000000000000e+03
3.329000000000000000e+03
5.767000000000000000e+03
2.097000000000000000e+03
3.170200000000000000e+04
1.000600000000000000e+04
5.158100000000000000e+04
1.898000000000000000e+03
1.982300000000000000e+04
1.628900000000000000e+04
7.784000000000000000e+03
1.949000000000000000e+03
5.916000000000000000e+03
9.183000000000000000e+03
4.072000000000000000e+03
1.185800000000000000e+04
2.966500000000000000e+04
2.056000000000000000e+03
9.851000000000000000e+03
2.163200000000000000e+04
1.590500000000000000e+04
1.915000000000000000e+03
3.745000000000000000e+03
5.934000000000000000e+03
2.047000000000000000e+03
3.974000000000000000e+03
2.257000000000000000e+03
3.963000000000000000e+03
3.825000000000000000e+03
3.228000000000000000e+03
4.226000000000000000e+03
1.962000000000000000e+03
1.782000000000000000e+04
2.010000000000000000e+03
7.960000000000000000e+03
1.204700000000000000e+04
9.845000000000000000e+03
6.018000000000000000e+03
5.778000000000000000e+03
2.262000000000000000e+03
1.187400000000000000e+04
1.175300000000000000e+04
3.677000000000000000e+04
2.068000000000000000e+03
4.026000000000000000e+03
3.983000000000000000e+03
1.954000000000000000e+03
5.883000000000000000e+03
3.970000000000000000e+03
1.184500000000000000e+04
3.958000000000000000e+03
1.979000000000000000e+03
2.074000000000000000e+03
7.865000000000000000e+03
7.785000000000000000e+03
9.941000000000000000e+03
9.763000000000000000e+03
5.877000000000000000e+03
4.017000000000000000e+03
1.970000000000000000e+03
2.015000000000000000e+03
1.188700000000000000e+04
5.993000000000000000e+03
5.934000000000000000e+03
6.080000000000000000e+03
5.968000000000000000e+03
7.943000000000000000e+03
9.940000000000000000e+03
7.808000000000000000e+03
5.890000000000000000e+03
5.751000000000000000e+03
7.896000000000000000e+03
3.928000000000000000e+03
3.569600000000000000e+04
4.143000000000000000e+03
1.786000000000000000e+03
2.052000000000000000e+03
9.939000000000000000e+03
5.898000000000000000e+03
1.192000000000000000e+04
1.012100000000000000e+04
5.957000000000000000e+03
8.201000000000000000e+03
1.190100000000000000e+04
2.052000000000000000e+03
5.894000000000000000e+03
1.586000000000000000e+04
4.140000000000000000e+03
3.974200000000000000e+04
5.937000000000000000e+03
4.192000000000000000e+03
1.886000000000000000e+03
1.959800000000000000e+04
5.775000000000000000e+03
3.987000000000000000e+03
8.060000000000000000e+03
5.718000000000000000e+03
3.974000000000000000e+03
5.965000000000000000e+03
2.579000000000000000e+04
1.793300000000000000e+04
5.900000000000000000e+03
1.999000000000000000e+03
1.581600000000000000e+04
4.316000000000000000e+03
6.063000000000000000e+03
7.977000000000000000e+03
1.204000000000000000e+04
1.402700000000000000e+04
1.874000000000000000e+03
6.164000000000000000e+03
3.962000000000000000e+03
7.880000000000000000e+03
1.938000000000000000e+03
5.686000000000000000e+03
3.875000000000000000e+03
2.287000000000000000e+03
5.945000000000000000e+03
2.953600000000000000e+04
3.983000000000000000e+03
3.891000000000000000e+03
2.179300000000000000e+04
1.997000000000000000e+03
1.995000000000000000e+03
3.850000000000000000e+03
3.670000000000000000e+03
6.006000000000000000e+03
4.956900000000000000e+04
5.996000000000000000e+03
1.939000000000000000e+03
2.094000000000000000e+03
7.845000000000000000e+03
5.961000000000000000e+03
3.968000000000000000e+03
3.896000000000000000e+03
2.778700000000000000e+04
5.737000000000000000e+03
6.064000000000000000e+03
2.106000000000000000e+03
5.882000000000000000e+03
5.945000000000000000e+03
7.924000000000000000e+03
7.987000000000000000e+03
1.366300000000000000e+04
1.802000000000000000e+03
4.246000000000000000e+03
5.458000000000000000e+03
3.571600000000000000e+04
2.029000000000000000e+03
9.846000000000000000e+03
1.781400000000000000e+04
1.282900000000000000e+04
3.878000000000000000e+03
9.872000000000000000e+03
1.893000000000000000e+03
1.757000000000000000e+04
3.912000000000000000e+03
8.487000000000000000e+03
8.065000000000000000e+03
3.882000000000000000e+03
1.020300000000000000e+04
2.087000000000000000e+03
2.021000000000000000e+03
3.923000000000000000e+03
1.992000000000000000e+03
2.176300000000000000e+04
1.392500000000000000e+04
1.390100000000000000e+04
3.974000000000000000e+03
1.852000000000000000e+03
5.993000000000000000e+03
8.048000000000000000e+03
3.941000000000000000e+03
4.558600000000000000e+04
1.190100000000000000e+04
1.421500000000000000e+04
7.909000000000000000e+03
1.763000000000000000e+03
7.997000000000000000e+03
1.959000000000000000e+03
7.998000000000000000e+03
5.933000000000000000e+03
9.866000000000000000e+03
3.752000000000000000e+03
9.888000000000000000e+03
2.768500000000000000e+04
3.905000000000000000e+03
1.995000000000000000e+03
3.973000000000000000e+03
4.015000000000000000e+03
3.989000000000000000e+03
1.401600000000000000e+04
1.774000000000000000e+03
2.966200000000000000e+04
1.984000000000000000e+03
5.955000000000000000e+03
7.845000000000000000e+03
1.972000000000000000e+03
1.944000000000000000e+03
3.973000000000000000e+03
1.732000000000000000e+03
8.009000000000000000e+03
2.160000000000000000e+03
2.775400000000000000e+04
5.925000000000000000e+03
4.009000000000000000e+03
5.943000000000000000e+03
5.931000000000000000e+03
7.897000000000000000e+03
6.013000000000000000e+03
2.034000000000000000e+03
4.360800000000000000e+04
1.914000000000000000e+03
1.958000000000000000e+03
9.895000000000000000e+03
3.978000000000000000e+03
3.595000000000000000e+03
9.970000000000000000e+03
3.969000000000000000e+03
5.916000000000000000e+03
3.841000000000000000e+03
3.176800000000000000e+04
5.959000000000000000e+03
5.922000000000000000e+03
6.043000000000000000e+03
9.937000000000000000e+03
2.030000000000000000e+03
3.837000000000000000e+03
4.167100000000000000e+04
5.797000000000000000e+03
5.965000000000000000e+03
5.955000000000000000e+03
7.958000000000000000e+03
2.014000000000000000e+03
1.781000000000000000e+04
3.532000000000000000e+03
1.859000000000000000e+03
5.428000000000000000e+03
2.145000000000000000e+03
2.100000000000000000e+03
3.942000000000000000e+03
5.800000000000000000e+03
1.976000000000000000e+03
7.870000000000000000e+03
9.946000000000000000e+03
2.079000000000000000e+03
7.960000000000000000e+03
3.610000000000000000e+03
3.998000000000000000e+03
5.599000000000000000e+03
2.720000000000000000e+03
1.287400000000000000e+04
5.868000000000000000e+03
1.594600000000000000e+04
3.955000000000000000e+03
1.941000000000000000e+03
9.760000000000000000e+03
5.648000000000000000e+03
1.197200000000000000e+04
7.917000000000000000e+03
6.079000000000000000e+03
4.350000000000000000e+03
5.802000000000000000e+03
5.878000000000000000e+03
7.874000000000000000e+03
5.943000000000000000e+03
2.578900000000000000e+04
3.994000000000000000e+03
1.194900000000000000e+04
8.168000000000000000e+03
9.967000000000000000e+03
5.910000000000000000e+03
2.577100000000000000e+04
1.993000000000000000e+03
9.506000000000000000e+03
4.053000000000000000e+03
6.000000000000000000e+03
4.017000000000000000e+03
3.566400000000000000e+04
8.092000000000000000e+03
1.378900000000000000e+04
2.032000000000000000e+03
3.923000000000000000e+03
2.044000000000000000e+03
3.920000000000000000e+03
7.929000000000000000e+03
5.936000000000000000e+03
5.963000000000000000e+03
5.959000000000000000e+03
1.381900000000000000e+04
6.022000000000000000e+03
5.871000000000000000e+03
1.001400000000000000e+04
4.001000000000000000e+03
5.925000000000000000e+03
3.979000000000000000e+03
1.999000000000000000e+03
2.937300000000000000e+04
5.967000000000000000e+03
3.171700000000000000e+04
4.067000000000000000e+03
3.881000000000000000e+03
3.952000000000000000e+03
4.015000000000000000e+03
5.948000000000000000e+03
7.891000000000000000e+03
3.899000000000000000e+03
2.282000000000000000e+03
4.024000000000000000e+03
7.934000000000000000e+03
1.994000000000000000e+03
8.130000000000000000e+03
3.911000000000000000e+03
1.991000000000000000e+03
3.390000000000000000e+04
3.352200000000000000e+04
1.163200000000000000e+04
9.768000000000000000e+03
1.981000000000000000e+03
5.958000000000000000e+03
6.227000000000000000e+03
2.019000000000000000e+03
5.693000000000000000e+03
3.942000000000000000e+03
9.878000000000000000e+03
3.966000000000000000e+03
7.714000000000000000e+03
4.168000000000000000e+03
4.078000000000000000e+03
1.182700000000000000e+04
1.978900000000000000e+04
1.603900000000000000e+04
7.940000000000000000e+03
3.993000000000000000e+03
1.963000000000000000e+03
1.954000000000000000e+03
1.785100000000000000e+04
2.135000000000000000e+03
3.469000000000000000e+03
5.898000000000000000e+03
3.964000000000000000e+03
1.942000000000000000e+03
4.002000000000000000e+03
4.031000000000000000e+03
1.223600000000000000e+04
7.967000000000000000e+03
5.988000000000000000e+03
2.063000000000000000e+03
1.885000000000000000e+03
6.016000000000000000e+03
6.125000000000000000e+03
1.943000000000000000e+03
1.389600000000000000e+04
7.923000000000000000e+03
1.388600000000000000e+04
5.961000000000000000e+03
1.593600000000000000e+04
1.993000000000000000e+03
5.973000000000000000e+03
3.951000000000000000e+03
1.990000000000000000e+03
3.375100000000000000e+04
2.381300000000000000e+04
6.028000000000000000e+03
7.979000000000000000e+03
1.782900000000000000e+04
5.490000000000000000e+03
8.021000000000000000e+03
1.843000000000000000e+03
5.910000000000000000e+03
1.763000000000000000e+03
5.907000000000000000e+03
6.748000000000000000e+03
4.083000000000000000e+03
9.967000000000000000e+03
7.973000000000000000e+03
3.964000000000000000e+03
9.909000000000000000e+03
2.975800000000000000e+04
4.111000000000000000e+03
1.583700000000000000e+04
1.186100000000000000e+04
4.205000000000000000e+03
4.271700000000000000e+04
1.373300000000000000e+04
5.847000000000000000e+03
1.947000000000000000e+03
2.008000000000000000e+03
1.383000000000000000e+04
6.024000000000000000e+03
2.011000000000000000e+03
1.844000000000000000e+03
1.345000000000000000e+04
2.447000000000000000e+03
7.342000000000000000e+03
6.093000000000000000e+03
6.094000000000000000e+03
6.144000000000000000e+03
5.938000000000000000e+03
1.377200000000000000e+04
3.222400000000000000e+04
9.834000000000000000e+03
1.541800000000000000e+04
5.872000000000000000e+03
4.091000000000000000e+03
9.646000000000000000e+03
1.382600000000000000e+04
1.896000000000000000e+03
9.933000000000000000e+03
1.591100000000000000e+04
1.184700000000000000e+04
9.721000000000000000e+03
5.801000000000000000e+03
6.165000000000000000e+03
3.828000000000000000e+03
5.903000000000000000e+03
1.931000000000000000e+03
2.096000000000000000e+03
3.975000000000000000e+03
4.078000000000000000e+03
2.231000000000000000e+03
3.173200000000000000e+04
3.922000000000000000e+03
7.871000000000000000e+03
3.926000000000000000e+03
9.857000000000000000e+03
8.228000000000000000e+03
4.046000000000000000e+03
9.952000000000000000e+03
1.981000000000000000e+03
3.905000000000000000e+03
3.759000000000000000e+03
9.923000000000000000e+03
1.986000000000000000e+03
7.917000000000000000e+03
2.707100000000000000e+04
5.939000000000000000e+03
5.894000000000000000e+03
6.114000000000000000e+03
7.900000000000000000e+03
1.010700000000000000e+04
5.872000000000000000e+03
6.041000000000000000e+03
1.938000000000000000e+03
6.325000000000000000e+03
6.013000000000000000e+03
1.898000000000000000e+03
5.755000000000000000e+03
5.781000000000000000e+03
5.921000000000000000e+03
6.017000000000000000e+03
5.904000000000000000e+03
3.976000000000000000e+03
3.613000000000000000e+03
3.970000000000000000e+03
6.217000000000000000e+03
7.888000000000000000e+03
5.890000000000000000e+03
1.980000000000000000e+03
1.973000000000000000e+03
4.306400000000000000e+04
4.087000000000000000e+03
6.168000000000000000e+03
5.930000000000000000e+03
1.787000000000000000e+03
5.996000000000000000e+03
2.574200000000000000e+04
2.384300000000000000e+04
5.896000000000000000e+03
1.197800000000000000e+04
1.154900000000000000e+04
3.878000000000000000e+03
3.887000000000000000e+03
5.947000000000000000e+03
2.016000000000000000e+03
6.144000000000000000e+03
1.534800000000000000e+04
6.023000000000000000e+03
2.144000000000000000e+03
5.882000000000000000e+03
1.962000000000000000e+03
1.734000000000000000e+03
6.129000000000000000e+03
1.970000000000000000e+03
6.109000000000000000e+03
5.937000000000000000e+03
5.728000000000000000e+03
6.061000000000000000e+03
1.783800000000000000e+04
5.471000000000000000e+03
5.975000000000000000e+03
5.960000000000000000e+03
1.758500000000000000e+04
1.915000000000000000e+03
8.006000000000000000e+03
4.043000000000000000e+03
5.864000000000000000e+03
2.003000000000000000e+03
6.063000000000000000e+03
5.757000000000000000e+03
5.939000000000000000e+03
1.937000000000000000e+03
1.989000000000000000e+03
1.884000000000000000e+03
1.774000000000000000e+03
1.998000000000000000e+03
5.778000000000000000e+03
1.984000000000000000e+03
4.010000000000000000e+03
7.943000000000000000e+03
1.986000000000000000e+03
6.089000000000000000e+03
5.999000000000000000e+03
4.031000000000000000e+03
9.953000000000000000e+03
2.099000000000000000e+03
5.984000000000000000e+03
1.983800000000000000e+04
5.951000000000000000e+03
1.194600000000000000e+04
5.716000000000000000e+03
4.205000000000000000e+03
9.956000000000000000e+03
1.381200000000000000e+04
7.944000000000000000e+03
9.872000000000000000e+03
4.430000000000000000e+03
1.994000000000000000e+03
2.046000000000000000e+03
4.180000000000000000e+03
1.913000000000000000e+03
2.087000000000000000e+03
3.967000000000000000e+03
5.920000000000000000e+03
6.271000000000000000e+03
6.022000000000000000e+03
9.811000000000000000e+03
3.183000000000000000e+04
3.926000000000000000e+03
1.585600000000000000e+04
1.199700000000000000e+04
1.977200000000000000e+04
7.962000000000000000e+03
2.284000000000000000e+03
5.690000000000000000e+03
7.722000000000000000e+03
1.195400000000000000e+04
1.937000000000000000e+03
3.967000000000000000e+03
1.884000000000000000e+03
2.412500000000000000e+04
1.999000000000000000e+03
7.879000000000000000e+03
3.952000000000000000e+03
6.073000000000000000e+03
1.009800000000000000e+04
5.941000000000000000e+03
5.958000000000000000e+03
5.976000000000000000e+03
3.989000000000000000e+03
8.107000000000000000e+03
9.966000000000000000e+03
1.208100000000000000e+04
6.028000000000000000e+03
7.926000000000000000e+03
1.991000000000000000e+03
5.969000000000000000e+03
1.998500000000000000e+04
5.902000000000000000e+03
5.636000000000000000e+03
2.029000000000000000e+03
1.992000000000000000e+03
1.588400000000000000e+04
5.960000000000000000e+03
6.015000000000000000e+03
9.857000000000000000e+03
1.930000000000000000e+03
2.041100000000000000e+04
9.918000000000000000e+03
8.094000000000000000e+03
1.967000000000000000e+03
1.986000000000000000e+03
8.041000000000000000e+03
5.379000000000000000e+03
7.930000000000000000e+03
5.880000000000000000e+03
7.892000000000000000e+03
3.180500000000000000e+04
6.270000000000000000e+03
6.020000000000000000e+03
1.191800000000000000e+04
1.193400000000000000e+04
6.217000000000000000e+03
5.925000000000000000e+03
5.968000000000000000e+03
4.038000000000000000e+03
3.998000000000000000e+03
3.834000000000000000e+03
9.989000000000000000e+03
3.571400000000000000e+04
1.988000000000000000e+03
7.845000000000000000e+03
4.166200000000000000e+04
1.182300000000000000e+04
1.189800000000000000e+04
6.134000000000000000e+03
3.928000000000000000e+03
1.877000000000000000e+03
8.257000000000000000e+03
1.186400000000000000e+04
1.075200000000000000e+04
7.955000000000000000e+03
4.347000000000000000e+03
1.980000000000000000e+03
4.007000000000000000e+03
3.451000000000000000e+03
8.827000000000000000e+03
5.971000000000000000e+03
8.061000000000000000e+03
5.974000000000000000e+03
1.919000000000000000e+03
3.997000000000000000e+03
9.880000000000000000e+03
1.586200000000000000e+04
2.212800000000000000e+04
5.978000000000000000e+03
7.832000000000000000e+03
5.953000000000000000e+03
7.697000000000000000e+03
2.065000000000000000e+03
3.851000000000000000e+03
5.812000000000000000e+03
5.998000000000000000e+03
5.881000000000000000e+03
8.065000000000000000e+03
1.966400000000000000e+04
1.591700000000000000e+04
2.304000000000000000e+03
1.209200000000000000e+04
6.981000000000000000e+03
1.949000000000000000e+03
2.189700000000000000e+04
7.969000000000000000e+03
7.937000000000000000e+03
5.919000000000000000e+03
5.965000000000000000e+03
5.992000000000000000e+03
1.975000000000000000e+03
5.843000000000000000e+03
3.969000000000000000e+03
5.988000000000000000e+03
5.477000000000000000e+03
1.984100000000000000e+04
7.929000000000000000e+03
1.591000000000000000e+04
5.916000000000000000e+03
5.872000000000000000e+03
2.774200000000000000e+04
1.978000000000000000e+03
5.881000000000000000e+03
1.391600000000000000e+04
1.374800000000000000e+04
1.774000000000000000e+03
2.072000000000000000e+03
3.968000000000000000e+03
1.410400000000000000e+04
1.159500000000000000e+04
6.539000000000000000e+03
2.044000000000000000e+03
1.935000000000000000e+03
7.890000000000000000e+03
1.886000000000000000e+03
5.958000000000000000e+03
3.921000000000000000e+03
4.279000000000000000e+03
9.926000000000000000e+03
5.990000000000000000e+03
3.988000000000000000e+03
1.973000000000000000e+03
1.169700000000000000e+04
1.979600000000000000e+04
3.462800000000000000e+04
2.197900000000000000e+04
1.384300000000000000e+04
3.362300000000000000e+04
3.935000000000000000e+03
1.588400000000000000e+04
2.634300000000000000e+04
8.582000000000000000e+03
4.018000000000000000e+03
1.141200000000000000e+04
9.982000000000000000e+03
2.972400000000000000e+04
5.946000000000000000e+03
3.908000000000000000e+03
9.505000000000000000e+03
6.059000000000000000e+03
5.836000000000000000e+03
4.130000000000000000e+03
3.369200000000000000e+04
3.955200000000000000e+04
7.837000000000000000e+03
5.963000000000000000e+03
3.910000000000000000e+03
1.687000000000000000e+03
1.988000000000000000e+03
7.920000000000000000e+03
1.382000000000000000e+04
3.999000000000000000e+03
2.031000000000000000e+03
2.000000000000000000e+03
4.965300000000000000e+04
1.931000000000000000e+03
4.771000000000000000e+04
7.896000000000000000e+03
1.184000000000000000e+04
3.992000000000000000e+03
1.376200000000000000e+04
2.768200000000000000e+04
3.969000000000000000e+03
3.897000000000000000e+03
1.845000000000000000e+03
5.957000000000000000e+03
2.181100000000000000e+04
1.934000000000000000e+03
5.969000000000000000e+03
4.039000000000000000e+03
1.189500000000000000e+04
8.044000000000000000e+03
7.995000000000000000e+03
1.189000000000000000e+04
1.001400000000000000e+04
7.975000000000000000e+03
6.415000000000000000e+03
7.946000000000000000e+03
7.914000000000000000e+03
5.946000000000000000e+03
1.196100000000000000e+04
8.017000000000000000e+03
6.048000000000000000e+03
7.934000000000000000e+03
2.221900000000000000e+04
5.854000000000000000e+03
6.258000000000000000e+03
1.391600000000000000e+04
6.037000000000000000e+03
3.992000000000000000e+03
2.409000000000000000e+04
7.907000000000000000e+03
5.951000000000000000e+03
5.916000000000000000e+03
1.707000000000000000e+03
2.017000000000000000e+03
5.838000000000000000e+03
1.418700000000000000e+04
5.884000000000000000e+03
2.783500000000000000e+04
1.222300000000000000e+04
2.002000000000000000e+03
6.029000000000000000e+03
5.949000000000000000e+03
1.600400000000000000e+04
2.002000000000000000e+03
9.819000000000000000e+03
1.921000000000000000e+03
6.077000000000000000e+03
5.779000000000000000e+03
1.996000000000000000e+03
1.199100000000000000e+04
5.835000000000000000e+03
5.525000000000000000e+03
2.382000000000000000e+04
5.900000000000000000e+03
3.965000000000000000e+03
3.959000000000000000e+03
1.887000000000000000e+03
2.018000000000000000e+03
9.874000000000000000e+03
1.982000000000000000e+03
5.948000000000000000e+03
1.992500000000000000e+04
1.998000000000000000e+03
9.864000000000000000e+03
1.988000000000000000e+03
1.118500000000000000e+04
2.021000000000000000e+03
7.754000000000000000e+03
5.781000000000000000e+03
6.091000000000000000e+03
5.947000000000000000e+03
3.975000000000000000e+03
2.247000000000000000e+03
3.572800000000000000e+04
3.868000000000000000e+03
1.180700000000000000e+04
1.340400000000000000e+04
8.020000000000000000e+03
3.989000000000000000e+03
3.991000000000000000e+03
5.979000000000000000e+03
1.178000000000000000e+04
1.388000000000000000e+04
2.047000000000000000e+03
4.003000000000000000e+03
5.915000000000000000e+03
5.924000000000000000e+03
3.983000000000000000e+03
7.618000000000000000e+03
7.871000000000000000e+03
3.939000000000000000e+03
3.891000000000000000e+03
2.567100000000000000e+04
2.340000000000000000e+03
1.387800000000000000e+04
3.840000000000000000e+03
5.948000000000000000e+03
3.964000000000000000e+03
3.956000000000000000e+03
4.036000000000000000e+03
1.863000000000000000e+03
3.675200000000000000e+04
4.073000000000000000e+03
1.188000000000000000e+04
9.913000000000000000e+03
5.954000000000000000e+03
5.917000000000000000e+03
1.856000000000000000e+03
2.017000000000000000e+03
1.743000000000000000e+03
5.872000000000000000e+03
4.207000000000000000e+03
4.162000000000000000e+03
2.176500000000000000e+04
2.214000000000000000e+03
3.838000000000000000e+03
4.006000000000000000e+03
5.353000000000000000e+03
6.012000000000000000e+03
6.202000000000000000e+03
2.065000000000000000e+03
7.684000000000000000e+03
6.005000000000000000e+03
3.886000000000000000e+03
1.974000000000000000e+03
4.115000000000000000e+03
3.886000000000000000e+03
1.180600000000000000e+04
7.319000000000000000e+03
9.348000000000000000e+03
4.023000000000000000e+03
5.956000000000000000e+03
3.893000000000000000e+03
1.926000000000000000e+03
1.987000000000000000e+03
2.374400000000000000e+04
5.848000000000000000e+03
3.961000000000000000e+03
2.330000000000000000e+03
2.767200000000000000e+04
2.013000000000000000e+03
5.934000000000000000e+03
1.955000000000000000e+03
5.886000000000000000e+03
1.334900000000000000e+04
1.570000000000000000e+03
4.150000000000000000e+03
1.560800000000000000e+04
5.662000000000000000e+03
1.380300000000000000e+04
1.592200000000000000e+04
1.382400000000000000e+04
5.888000000000000000e+03
1.709000000000000000e+03
1.929000000000000000e+03
3.950000000000000000e+03
5.821000000000000000e+03
5.540000000000000000e+03
3.371800000000000000e+04
9.905000000000000000e+03
9.901000000000000000e+03
2.380600000000000000e+04
9.823000000000000000e+03
4.368600000000000000e+04
1.906000000000000000e+03
7.580000000000000000e+03
1.784400000000000000e+04
2.015000000000000000e+03
9.945000000000000000e+03
2.099000000000000000e+03
1.597800000000000000e+04
4.022000000000000000e+03
6.019000000000000000e+03
2.110000000000000000e+03
7.917000000000000000e+03
1.156000000000000000e+04
6.001000000000000000e+03
7.788000000000000000e+03
1.786700000000000000e+04
7.976000000000000000e+03
2.192000000000000000e+03
5.595000000000000000e+03
7.891000000000000000e+03
5.921000000000000000e+03
7.885000000000000000e+03
2.817500000000000000e+04
1.183600000000000000e+04
5.999000000000000000e+03
2.580800000000000000e+04
9.870000000000000000e+03
6.022000000000000000e+03
6.006000000000000000e+03
3.941000000000000000e+03
5.814000000000000000e+03
1.354100000000000000e+04
5.452000000000000000e+03
3.963000000000000000e+03
5.874000000000000000e+03
1.191600000000000000e+04
1.850000000000000000e+03
3.993000000000000000e+03
5.917000000000000000e+03
3.985000000000000000e+03
6.202000000000000000e+03
1.159500000000000000e+04
6.305000000000000000e+03
5.939000000000000000e+03
1.711000000000000000e+03
5.917000000000000000e+03
3.936000000000000000e+03
7.429900000000000000e+04
3.965000000000000000e+04
5.947000000000000000e+03
9.771000000000000000e+03
1.994000000000000000e+03
8.010000000000000000e+03
3.959000000000000000e+03
2.023000000000000000e+03
7.895000000000000000e+03
3.979000000000000000e+03
1.784400000000000000e+04
5.972000000000000000e+03
1.198200000000000000e+04
3.952000000000000000e+03
3.855000000000000000e+03
1.881000000000000000e+03
1.956000000000000000e+03
1.957000000000000000e+03
4.190000000000000000e+03
2.013000000000000000e+03
1.914100000000000000e+04
3.830000000000000000e+03
8.049000000000000000e+03
3.974000000000000000e+03
4.097000000000000000e+03
9.857000000000000000e+03
1.990000000000000000e+03
3.981000000000000000e+03
3.904000000000000000e+03
5.804000000000000000e+03
5.941000000000000000e+03
3.966000000000000000e+03
4.028000000000000000e+03
1.939000000000000000e+03
7.930000000000000000e+03
5.985000000000000000e+03
5.944000000000000000e+03
5.909000000000000000e+03
7.939000000000000000e+03
5.848000000000000000e+03
2.376500000000000000e+04
7.958000000000000000e+03
7.310000000000000000e+03
9.932000000000000000e+03
3.995000000000000000e+03
2.678000000000000000e+03
4.360700000000000000e+04
5.884000000000000000e+03
4.182000000000000000e+03
1.380200000000000000e+04
3.980000000000000000e+03
9.878000000000000000e+03
3.573800000000000000e+04
5.930000000000000000e+03
1.972000000000000000e+03
3.970000000000000000e+03
3.901000000000000000e+03
5.626000000000000000e+03
3.970000000000000000e+03
3.869000000000000000e+03
4.044000000000000000e+03
1.192000000000000000e+04
6.991000000000000000e+03
5.787000000000000000e+03
1.967000000000000000e+03
5.952000000000000000e+03
3.908000000000000000e+03
2.030000000000000000e+03
5.828000000000000000e+03
3.849000000000000000e+03
6.092000000000000000e+03
3.993000000000000000e+03
2.188500000000000000e+04
5.782000000000000000e+03
5.832000000000000000e+03
5.957000000000000000e+03
5.850000000000000000e+03
5.761000000000000000e+03
5.802000000000000000e+03
5.874000000000000000e+03
9.966000000000000000e+03
5.982000000000000000e+03
3.975000000000000000e+03
5.943000000000000000e+03
1.192700000000000000e+04
7.896000000000000000e+03
6.144000000000000000e+03
5.931000000000000000e+03
6.011000000000000000e+03
1.914000000000000000e+03
1.829000000000000000e+03
1.884800000000000000e+04
7.909000000000000000e+03
1.407200000000000000e+04
4.013000000000000000e+03
1.151900000000000000e+04
6.063000000000000000e+03
4.127000000000000000e+03
4.402000000000000000e+03
1.785000000000000000e+04
5.844000000000000000e+03
9.943000000000000000e+03
6.213000000000000000e+03
4.018000000000000000e+03
5.972000000000000000e+03
9.919000000000000000e+03
1.995000000000000000e+03
5.981000000000000000e+03
6.076000000000000000e+03
3.521400000000000000e+04
5.980000000000000000e+03
3.954000000000000000e+03
5.819000000000000000e+03
1.926000000000000000e+03
3.984000000000000000e+03
1.925000000000000000e+03
2.162000000000000000e+03
3.944000000000000000e+03
3.575200000000000000e+04
1.973000000000000000e+03
3.926000000000000000e+03
3.959000000000000000e+03
5.930000000000000000e+03
2.010000000000000000e+03
9.888000000000000000e+03
1.179400000000000000e+04
4.201000000000000000e+03
1.208600000000000000e+04
5.954000000000000000e+03
6.054000000000000000e+03
5.920000000000000000e+03
3.919000000000000000e+03
8.162000000000000000e+03
5.664000000000000000e+03
3.964000000000000000e+03
7.882000000000000000e+03
1.175300000000000000e+04
6.001000000000000000e+03
1.887000000000000000e+03
5.985000000000000000e+03
1.186700000000000000e+04
9.834000000000000000e+03
5.745000000000000000e+03
1.718000000000000000e+03
5.921000000000000000e+03
3.987000000000000000e+03
3.791000000000000000e+03
3.777000000000000000e+03
1.959000000000000000e+03
1.875000000000000000e+03
3.506000000000000000e+03
3.762000000000000000e+03
2.030000000000000000e+03
5.886000000000000000e+03
4.000000000000000000e+03
9.757000000000000000e+03
1.722000000000000000e+03
3.916000000000000000e+03
2.046000000000000000e+03
7.889000000000000000e+03
6.112000000000000000e+03
5.974000000000000000e+03
1.918000000000000000e+03
1.678000000000000000e+03
5.945000000000000000e+03
5.957000000000000000e+03
1.929000000000000000e+03
1.589400000000000000e+04
1.231800000000000000e+04
5.933000000000000000e+03
3.935000000000000000e+03
2.061000000000000000e+03
1.000900000000000000e+04
1.178900000000000000e+04
2.011000000000000000e+03
5.839000000000000000e+03
6.017000000000000000e+03
1.184200000000000000e+04
3.886000000000000000e+03
2.121000000000000000e+03
9.961000000000000000e+03
3.677000000000000000e+03
1.177400000000000000e+04
5.943000000000000000e+03
5.865000000000000000e+03
1.971000000000000000e+03
1.932000000000000000e+03
1.382900000000000000e+04
1.576900000000000000e+04
3.888000000000000000e+03
2.071000000000000000e+03
4.413000000000000000e+03
3.374600000000000000e+04
5.935000000000000000e+03
9.931000000000000000e+03
7.911000000000000000e+03
3.978000000000000000e+03
1.273000000000000000e+03
4.323000000000000000e+03
4.011000000000000000e+03
4.018000000000000000e+03
3.797000000000000000e+03
5.904000000000000000e+03
5.973000000000000000e+03
3.923000000000000000e+03
1.966000000000000000e+03
1.189600000000000000e+04
1.292700000000000000e+04
3.855000000000000000e+03
5.937000000000000000e+03
1.879000000000000000e+03
1.978000000000000000e+03
1.911000000000000000e+03
1.193200000000000000e+04
7.923000000000000000e+03
5.483000000000000000e+03
6.433000000000000000e+03
5.985000000000000000e+03
5.815000000000000000e+03
2.376500000000000000e+04
5.908000000000000000e+03
1.389500000000000000e+04
7.931000000000000000e+03
1.788000000000000000e+03
5.753000000000000000e+03
1.927000000000000000e+03
1.772700000000000000e+04
2.002000000000000000e+03
2.079000000000000000e+03
5.831000000000000000e+03
1.805200000000000000e+04
7.802000000000000000e+03
1.993000000000000000e+03
4.065000000000000000e+03
3.924000000000000000e+03
3.878000000000000000e+03
3.169400000000000000e+04
5.916000000000000000e+03
7.876000000000000000e+03
1.951000000000000000e+03
1.974000000000000000e+03
1.092900000000000000e+04
1.196600000000000000e+04
2.174000000000000000e+03
1.882000000000000000e+03
5.985000000000000000e+03
1.786000000000000000e+04
3.604000000000000000e+03
1.615600000000000000e+04
2.771700000000000000e+04
1.201700000000000000e+04
5.887000000000000000e+03
7.905000000000000000e+03
3.993000000000000000e+03
1.876000000000000000e+03
3.870000000000000000e+03
2.185600000000000000e+04
5.895000000000000000e+03
9.992000000000000000e+03
6.031000000000000000e+03
5.903000000000000000e+03
1.978000000000000000e+03
5.959000000000000000e+03
3.927000000000000000e+03
4.001000000000000000e+03
1.649000000000000000e+03
5.895000000000000000e+03
3.317600000000000000e+04
1.980000000000000000e+03
5.917000000000000000e+03
1.581500000000000000e+04
1.388100000000000000e+04
6.045000000000000000e+03
1.985000000000000000e+03
2.002000000000000000e+03
1.185900000000000000e+04
3.369400000000000000e+04
9.946000000000000000e+03
3.925000000000000000e+03
2.778800000000000000e+04
4.005000000000000000e+03
4.068000000000000000e+03
5.870000000000000000e+03
6.108000000000000000e+03
2.027000000000000000e+03
1.885000000000000000e+03
7.698000000000000000e+03
6.018000000000000000e+03
9.881000000000000000e+03
2.082000000000000000e+03
6.050000000000000000e+03
1.920000000000000000e+03
2.001000000000000000e+03
9.970000000000000000e+03
4.007000000000000000e+03
4.105000000000000000e+03
5.985000000000000000e+03
1.185500000000000000e+04
8.036000000000000000e+03
2.006000000000000000e+03
1.989000000000000000e+03
6.023000000000000000e+03
3.997000000000000000e+03
1.000000000000000000e+04
2.406000000000000000e+03
6.031000000000000000e+03
1.189900000000000000e+04
1.995000000000000000e+03
7.798000000000000000e+03
2.079000000000000000e+03
6.837000000000000000e+03
2.078000000000000000e+03
1.997000000000000000e+04
5.921000000000000000e+03
5.975000000000000000e+03
6.091000000000000000e+03
6.755000000000000000e+03
5.998000000000000000e+03
3.980000000000000000e+03
5.952000000000000000e+03
2.228000000000000000e+03
3.886000000000000000e+03
2.328000000000000000e+03
2.011000000000000000e+03
8.729000000000000000e+03
7.932000000000000000e+03
5.957000000000000000e+03
7.401000000000000000e+03
3.185600000000000000e+04
5.794000000000000000e+03
5.898000000000000000e+03
1.173900000000000000e+04
3.937000000000000000e+03
1.944000000000000000e+03
5.989000000000000000e+03
5.943000000000000000e+03
7.798000000000000000e+03
7.919000000000000000e+03
4.034000000000000000e+03
4.495000000000000000e+03
9.908000000000000000e+03
4.083000000000000000e+03
5.862000000000000000e+03
6.141000000000000000e+03
5.412000000000000000e+03
5.460000000000000000e+03
7.995000000000000000e+03
7.715000000000000000e+03
6.203000000000000000e+03
8.767000000000000000e+03
9.810000000000000000e+03
5.926000000000000000e+03
6.058000000000000000e+03
5.949000000000000000e+03
1.200100000000000000e+04
1.185900000000000000e+04
7.944000000000000000e+03
1.985000000000000000e+03
3.947000000000000000e+03
1.857000000000000000e+03
5.848000000000000000e+03
9.921000000000000000e+03
1.187600000000000000e+04
2.569500000000000000e+04
1.180600000000000000e+04
1.973000000000000000e+03
1.122800000000000000e+04
1.686000000000000000e+03
1.167400000000000000e+04
2.039000000000000000e+03
1.367300000000000000e+04
1.978000000000000000e+03
9.916000000000000000e+03
2.455000000000000000e+03
2.404000000000000000e+03
1.382900000000000000e+04
7.910000000000000000e+03
7.889000000000000000e+03
3.984000000000000000e+03
1.883000000000000000e+03
5.933000000000000000e+03
1.197500000000000000e+04
1.980000000000000000e+03
1.970000000000000000e+03
4.110000000000000000e+03
5.528000000000000000e+03
1.965000000000000000e+03
4.047000000000000000e+03
3.861000000000000000e+03
3.559300000000000000e+04
3.967000000000000000e+03
2.065000000000000000e+03
7.870000000000000000e+03
4.100000000000000000e+03
2.161000000000000000e+03
2.778100000000000000e+04
9.879000000000000000e+03
8.054000000000000000e+03
2.571700000000000000e+04
8.021000000000000000e+03
1.970000000000000000e+03
7.955000000000000000e+03
1.091000000000000000e+04
7.827000000000000000e+03
2.112000000000000000e+03
5.692000000000000000e+03
4.425000000000000000e+03
5.957000000000000000e+03
5.839000000000000000e+03
6.081000000000000000e+03
7.680000000000000000e+03
3.879000000000000000e+03
3.937000000000000000e+03
5.875000000000000000e+03
5.910000000000000000e+03
2.008000000000000000e+03
2.052000000000000000e+03
1.986000000000000000e+03
2.389000000000000000e+03
5.977000000000000000e+03
5.896000000000000000e+03
4.003000000000000000e+03
7.903000000000000000e+03
6.194000000000000000e+03
5.766000000000000000e+03
5.966000000000000000e+03
5.876000000000000000e+03
2.065000000000000000e+03
3.375000000000000000e+04
4.048000000000000000e+03
3.974000000000000000e+03
1.144800000000000000e+04
5.927000000000000000e+03
1.189700000000000000e+04
5.925000000000000000e+03
9.477000000000000000e+03
6.092000000000000000e+03
6.102000000000000000e+03
1.190200000000000000e+04
1.978300000000000000e+04
1.387000000000000000e+04
3.943000000000000000e+03
1.860000000000000000e+03
3.158300000000000000e+04
2.576300000000000000e+04
2.381300000000000000e+04
1.902000000000000000e+03
5.896000000000000000e+03
2.050000000000000000e+03
7.911000000000000000e+03
5.957000000000000000e+03
3.965000000000000000e+03
9.663000000000000000e+03
3.953000000000000000e+03
5.923000000000000000e+03
7.939000000000000000e+03
3.728000000000000000e+03
1.850000000000000000e+03
2.972800000000000000e+04
7.983000000000000000e+03
9.765000000000000000e+03
4.116000000000000000e+03
7.907000000000000000e+03
4.379700000000000000e+04
7.966000000000000000e+03
5.867000000000000000e+03
5.902000000000000000e+03
9.568000000000000000e+03
1.914000000000000000e+03
1.784000000000000000e+03
3.708000000000000000e+03
1.989000000000000000e+04
3.950000000000000000e+03
3.958000000000000000e+03
2.044000000000000000e+03
5.918000000000000000e+03
3.915000000000000000e+03
7.932000000000000000e+03
5.859000000000000000e+03
6.126000000000000000e+03
6.017000000000000000e+03
7.924000000000000000e+03
3.928000000000000000e+03
5.856000000000000000e+03
2.055000000000000000e+03
2.074000000000000000e+03
9.848000000000000000e+03
3.356700000000000000e+04
6.034000000000000000e+03
5.856000000000000000e+03
9.780000000000000000e+03
7.907000000000000000e+03
4.259000000000000000e+03
9.928000000000000000e+03
1.852000000000000000e+03
1.787600000000000000e+04
1.187100000000000000e+04
3.888000000000000000e+03
7.906000000000000000e+03
3.974000000000000000e+03
6.157000000000000000e+03
5.958000000000000000e+03
2.039000000000000000e+03
6.028000000000000000e+03
7.696000000000000000e+03
2.019000000000000000e+03
2.776500000000000000e+04
1.799400000000000000e+04
3.952000000000000000e+03
5.951000000000000000e+03
9.799000000000000000e+03
1.862000000000000000e+03
9.972000000000000000e+03
6.011000000000000000e+03
3.936500000000000000e+04
5.885000000000000000e+03
5.964000000000000000e+03
5.969000000000000000e+03
2.010000000000000000e+03
3.928000000000000000e+03
5.869000000000000000e+03
9.955000000000000000e+03
1.793400000000000000e+04
3.179800000000000000e+04
1.964900000000000000e+04
9.843000000000000000e+03
3.966000000000000000e+03
7.954000000000000000e+03
5.940000000000000000e+03
2.103000000000000000e+03
9.861000000000000000e+03
1.201600000000000000e+04
2.000000000000000000e+03
3.897000000000000000e+03
8.096000000000000000e+03
2.000000000000000000e+03
5.997000000000000000e+03
3.972000000000000000e+03
7.888000000000000000e+03
5.925000000000000000e+03
3.963000000000000000e+03
1.899000000000000000e+03
5.780000000000000000e+03
2.057000000000000000e+03
5.898000000000000000e+03
9.865000000000000000e+03
7.968000000000000000e+03
7.941000000000000000e+03
2.006000000000000000e+03
5.961000000000000000e+03
3.966000000000000000e+03
5.980000000000000000e+03
9.785000000000000000e+03
1.387800000000000000e+04
5.919000000000000000e+03
5.961000000000000000e+03
5.932000000000000000e+03
1.986000000000000000e+03
1.586800000000000000e+04
2.378900000000000000e+04
3.969000000000000000e+03
2.180000000000000000e+03
5.944000000000000000e+03
2.014500000000000000e+04
7.822000000000000000e+03
1.182200000000000000e+04
3.993000000000000000e+03
9.926000000000000000e+03
2.579200000000000000e+04
1.017900000000000000e+04
5.889000000000000000e+03
3.950000000000000000e+03
7.950000000000000000e+03
3.955000000000000000e+03
1.966900000000000000e+04
4.010000000000000000e+03
2.108000000000000000e+03
5.844000000000000000e+03
1.384700000000000000e+04
1.013700000000000000e+04
6.087000000000000000e+03
3.816000000000000000e+03
7.971000000000000000e+03
7.925000000000000000e+03
6.122000000000000000e+03
5.839000000000000000e+03
5.986000000000000000e+03
9.856000000000000000e+03
1.175900000000000000e+04
1.996000000000000000e+03
1.950000000000000000e+03
5.638000000000000000e+03
6.217000000000000000e+03
5.903000000000000000e+03
5.690000000000000000e+03
9.916000000000000000e+03
2.228000000000000000e+03
7.886000000000000000e+03
5.892000000000000000e+03
3.914000000000000000e+03
4.014000000000000000e+03
4.013000000000000000e+03
1.390600000000000000e+04
1.390800000000000000e+04
7.906000000000000000e+03
5.975000000000000000e+03
5.838000000000000000e+03
5.979000000000000000e+03
9.942000000000000000e+03
1.532000000000000000e+03
7.619000000000000000e+03
3.963000000000000000e+03
1.996000000000000000e+03
5.798000000000000000e+03
5.931000000000000000e+03
1.004000000000000000e+04
6.019000000000000000e+03
5.815000000000000000e+03
7.903000000000000000e+03
1.895000000000000000e+03
8.046000000000000000e+03
1.925000000000000000e+03
5.936000000000000000e+03
5.995000000000000000e+03
9.939000000000000000e+03
5.946000000000000000e+03
6.060000000000000000e+03
3.877000000000000000e+03
3.601000000000000000e+03
1.917000000000000000e+03
5.970000000000000000e+03
3.926000000000000000e+03
1.945000000000000000e+03
3.175900000000000000e+04
5.927000000000000000e+03
5.614000000000000000e+03
5.912000000000000000e+03
3.416000000000000000e+03
2.119000000000000000e+03
1.383400000000000000e+04
4.200000000000000000e+03
1.971000000000000000e+03
2.403300000000000000e+04
7.736000000000000000e+03
5.918000000000000000e+03
5.948000000000000000e+03
5.881000000000000000e+03
6.210000000000000000e+03
5.871000000000000000e+03
5.837000000000000000e+03
5.960000000000000000e+03
7.642000000000000000e+03
3.965000000000000000e+03
8.016000000000000000e+03
3.759000000000000000e+03
6.089000000000000000e+03
5.928000000000000000e+03
1.984800000000000000e+04
3.945000000000000000e+03
1.006100000000000000e+04
7.759000000000000000e+03
5.992000000000000000e+03
2.119000000000000000e+03
1.996000000000000000e+03
1.347600000000000000e+04
2.252000000000000000e+03
5.797000000000000000e+03
4.013000000000000000e+03
3.950000000000000000e+03
5.949000000000000000e+03
1.193300000000000000e+04
3.918000000000000000e+03
1.491400000000000000e+04
5.888000000000000000e+03
7.996000000000000000e+03
5.988000000000000000e+03
6.022000000000000000e+03
6.030000000000000000e+03
5.555000000000000000e+03
5.886000000000000000e+03
5.921000000000000000e+03
5.862000000000000000e+03
1.582700000000000000e+04
4.001000000000000000e+03
1.785300000000000000e+04
5.962000000000000000e+03
2.580700000000000000e+04
1.780600000000000000e+04
4.072000000000000000e+03
5.993000000000000000e+03
3.951000000000000000e+03
6.042000000000000000e+03
5.990000000000000000e+03
9.896000000000000000e+03
3.961000000000000000e+03
1.308400000000000000e+04
5.943000000000000000e+03
1.190200000000000000e+04
1.172700000000000000e+04
4.024000000000000000e+03
1.891000000000000000e+03
1.388400000000000000e+04
1.977000000000000000e+03
7.925000000000000000e+03
2.065000000000000000e+03
5.963000000000000000e+03
6.012000000000000000e+03
9.921000000000000000e+03
5.992000000000000000e+03
6.009000000000000000e+03
4.023000000000000000e+03
1.966000000000000000e+03
5.954000000000000000e+03
6.014000000000000000e+03
1.994000000000000000e+04
1.986000000000000000e+03
2.037000000000000000e+03
5.930000000000000000e+03
5.898000000000000000e+03
5.898000000000000000e+03
1.785100000000000000e+04
1.190200000000000000e+04
5.866000000000000000e+03
1.186700000000000000e+04
4.000000000000000000e+03
1.022900000000000000e+04
5.933000000000000000e+03
1.382400000000000000e+04
5.946000000000000000e+03
9.941000000000000000e+03
5.979000000000000000e+03
1.388500000000000000e+04
5.953000000000000000e+03
1.583200000000000000e+04
5.997000000000000000e+03
2.004000000000000000e+03
5.917000000000000000e+03
5.943000000000000000e+03
7.864000000000000000e+03
7.986000000000000000e+03
9.867000000000000000e+03
5.890000000000000000e+03
7.927000000000000000e+03
5.996000000000000000e+03
4.018000000000000000e+03
1.786400000000000000e+04
7.923000000000000000e+03
3.955000000000000000e+03
8.087000000000000000e+03
5.882000000000000000e+03
5.898000000000000000e+03
1.182800000000000000e+04
1.963000000000000000e+03
1.972000000000000000e+03
4.011000000000000000e+03
5.957000000000000000e+03
1.589000000000000000e+04
5.954000000000000000e+03
5.909000000000000000e+03
3.973000000000000000e+03
5.941000000000000000e+03
1.181000000000000000e+04
1.394600000000000000e+04
7.946000000000000000e+03
3.951000000000000000e+03
1.383000000000000000e+04
1.953000000000000000e+03
1.786000000000000000e+04
5.890000000000000000e+03
5.971000000000000000e+03
5.956000000000000000e+03
5.970000000000000000e+03
7.941000000000000000e+03
1.909000000000000000e+03
5.997000000000000000e+03
5.977000000000000000e+03
7.920000000000000000e+03
5.931000000000000000e+03
3.961000000000000000e+03
1.980000000000000000e+03
5.930000000000000000e+03
1.189800000000000000e+04
2.008000000000000000e+03
5.829000000000000000e+03
9.954000000000000000e+03
7.480000000000000000e+03
5.945000000000000000e+03
5.901000000000000000e+03
5.925000000000000000e+03
3.958000000000000000e+03
1.913000000000000000e+03
5.925000000000000000e+03
1.193600000000000000e+04
5.928000000000000000e+03
1.191500000000000000e+04
5.953000000000000000e+03
5.952000000000000000e+03
5.278000000000000000e+03
1.004700000000000000e+04
7.975000000000000000e+03
1.193600000000000000e+04
5.928000000000000000e+03
6.062000000000000000e+03
5.991000000000000000e+03
2.058000000000000000e+03
5.985000000000000000e+03
7.955000000000000000e+03
2.178400000000000000e+04
5.943000000000000000e+03
5.976000000000000000e+03
1.983000000000000000e+03
7.852000000000000000e+03
4.073000000000000000e+03
4.052000000000000000e+03
3.956000000000000000e+03
1.588900000000000000e+04
6.079000000000000000e+03
3.453000000000000000e+03
5.808000000000000000e+03
7.429000000000000000e+03
4.215000000000000000e+03
3.933000000000000000e+03
6.144000000000000000e+03
5.961000000000000000e+03
5.874000000000000000e+03
3.843000000000000000e+03
7.962000000000000000e+03
1.612000000000000000e+03
1.987000000000000000e+03
2.955600000000000000e+04
9.543000000000000000e+03
2.024000000000000000e+03
2.040000000000000000e+03
1.898000000000000000e+03
5.910300000000000000e+04
3.986000000000000000e+03
4.150000000000000000e+03
1.946000000000000000e+03
6.045000000000000000e+03
5.941000000000000000e+03
5.697000000000000000e+03
5.509000000000000000e+03
3.782900000000000000e+04
3.180100000000000000e+04
5.906000000000000000e+03
6.132000000000000000e+03
3.372200000000000000e+04
1.987600000000000000e+04
5.892000000000000000e+03
6.084000000000000000e+03
6.087000000000000000e+03
2.590100000000000000e+04
1.974000000000000000e+03
6.074000000000000000e+03
1.827000000000000000e+03
3.965000000000000000e+03
2.137000000000000000e+03
2.170000000000000000e+03
1.000000000000000000e+04
7.927000000000000000e+03
4.423000000000000000e+03
6.366000000000000000e+03
5.919000000000000000e+03
1.192000000000000000e+04
2.021500000000000000e+04
5.958000000000000000e+03
1.914000000000000000e+03
5.912000000000000000e+03
4.571000000000000000e+04
6.032000000000000000e+03
2.111000000000000000e+03
1.196900000000000000e+04
5.917000000000000000e+03
7.936000000000000000e+03
5.911000000000000000e+03
1.977000000000000000e+03
7.920000000000000000e+03
5.841000000000000000e+03
1.256000000000000000e+03
6.281000000000000000e+03
2.385000000000000000e+03
6.136000000000000000e+03
1.785000000000000000e+04
6.087000000000000000e+03
5.973000000000000000e+03
5.991000000000000000e+03
5.938000000000000000e+03
9.915000000000000000e+03
1.957000000000000000e+03
2.773400000000000000e+04
4.065000000000000000e+03
2.386000000000000000e+03
1.896000000000000000e+03
3.976000000000000000e+03
1.769000000000000000e+03
1.937000000000000000e+03
1.971000000000000000e+03
2.006000000000000000e+03
4.169000000000000000e+03
5.947000000000000000e+03
3.871000000000000000e+03
2.061000000000000000e+03
5.059000000000000000e+03
1.899000000000000000e+03
6.253000000000000000e+03
1.190300000000000000e+04
5.817000000000000000e+03
5.962000000000000000e+03
2.006000000000000000e+03
5.932000000000000000e+03
2.974600000000000000e+04
1.098800000000000000e+04
5.923000000000000000e+03
9.886000000000000000e+03
1.959000000000000000e+03
2.073000000000000000e+03
5.981000000000000000e+03
1.996000000000000000e+03
2.185400000000000000e+04
1.922000000000000000e+03
3.653000000000000000e+03
5.975000000000000000e+03
5.970000000000000000e+03
4.006000000000000000e+03
3.939000000000000000e+03
1.958000000000000000e+03
5.875000000000000000e+03
9.944000000000000000e+03
3.969000000000000000e+03
1.887000000000000000e+03
3.980000000000000000e+03
6.114000000000000000e+03
9.966000000000000000e+03
7.930000000000000000e+03
5.493000000000000000e+03
5.909000000000000000e+03
4.067000000000000000e+03
1.186300000000000000e+04
1.958000000000000000e+03
4.122000000000000000e+03
5.906000000000000000e+03
5.952000000000000000e+03
1.147700000000000000e+04
5.958000000000000000e+03
3.966700000000000000e+04
4.967500000000000000e+04
9.910000000000000000e+03
1.991000000000000000e+03
1.924000000000000000e+03
9.923000000000000000e+03
9.869000000000000000e+03
1.783300000000000000e+04
7.988000000000000000e+03
1.600900000000000000e+04
1.610100000000000000e+04
5.874000000000000000e+03
9.923000000000000000e+03
5.938000000000000000e+03
5.910000000000000000e+03
5.800000000000000000e+03
5.954000000000000000e+03
9.923000000000000000e+03
1.984000000000000000e+03
5.905000000000000000e+03
1.188100000000000000e+04
5.892000000000000000e+03
5.945000000000000000e+03
5.941000000000000000e+03
5.948000000000000000e+03
8.030000000000000000e+03
2.194000000000000000e+04
1.968500000000000000e+04
5.929000000000000000e+03
9.932000000000000000e+03
1.189000000000000000e+04
1.349000000000000000e+04
5.155100000000000000e+04
2.075000000000000000e+03
2.086000000000000000e+03
1.586800000000000000e+04
1.003300000000000000e+04
7.880000000000000000e+03
7.877000000000000000e+03
1.994000000000000000e+03
2.174300000000000000e+04
2.022000000000000000e+03
3.792000000000000000e+03
5.843000000000000000e+03
2.776600000000000000e+04
2.002000000000000000e+03
9.947000000000000000e+03
7.927000000000000000e+03
5.823000000000000000e+03
1.983000000000000000e+03
1.225400000000000000e+04
8.028000000000000000e+03
7.982000000000000000e+03
4.013000000000000000e+03
2.009000000000000000e+03
1.778700000000000000e+04
1.846000000000000000e+03
2.064000000000000000e+03
7.954000000000000000e+03
3.978000000000000000e+03
1.395000000000000000e+04
5.941000000000000000e+03
9.949000000000000000e+03
7.914000000000000000e+03
2.390600000000000000e+04
1.996000000000000000e+03
4.025000000000000000e+03
3.755200000000000000e+04
1.955000000000000000e+03
1.789000000000000000e+03
2.580000000000000000e+03
1.957000000000000000e+03
4.103000000000000000e+03
2.055000000000000000e+03
1.437000000000000000e+03
2.018000000000000000e+03
5.901000000000000000e+03
1.984000000000000000e+04
